fecha	objective	metric	first_metric_only	boost_from_average	feature_pre_filter	verbosity	max_depth	max_bin	num_iterations	force_row_wise	seed	learning_rate	feature_fraction	min_data_in_leaf	num_leaves	envios	bagging_fraction	lambda_l1	lambda_l2	min_gain_to_split	ganancia	iteracion
20221002 155643	binary	custom	TRUE	TRUE	FALSE	-100	-1	31	87	TRUE	309367	0.175351746357563	0.31357694339628	6017	138	13333	0.445409137905679	2.48487274941807	2.39497725015584	0.0443186795875792	23740000	1
20221002 155708	binary	custom	TRUE	TRUE	FALSE	-100	-1	31	38	TRUE	309367	0.1486259611014	0.65285626075541	2342	860	9626	0.630719771934673	1.64619037237976	1.01854920274733	0.0192563786054961	26110000	2
20221002 155742	binary	custom	TRUE	TRUE	FALSE	-100	-1	31	101	TRUE	309367	0.114073177651282	0.720756074279133	5819	90	7601	0.737035526604288	2.94028434779547	1.31129700339322	0.0861955854957665	26880000	3
20221002 155759	binary	custom	TRUE	TRUE	FALSE	-100	-1	31	35	TRUE	309367	0.214219137174239	0.705022849137378	4381	657	9931	0.538146014759938	1.43822379613994	0.968025375021777	0.0630920833002569	25900000	4
20221002 155825	binary	custom	TRUE	TRUE	FALSE	-100	-1	31	26	TRUE	309367	0.1218052129928	0.492420535219005	1459	683	8255	0.407298407031016	3.34308795721477	1.86939799634274	0.0757383516575727	26130000	5
20221002 155845	binary	custom	TRUE	TRUE	FALSE	-100	-1	31	37	TRUE	309367	0.266652792766464	0.443416182153548	7865	517	9137	0.983559910601212	2.51373846640086	2.00801728559115	0.0250488064749839	25410000	6
20221002 155929	binary	custom	TRUE	TRUE	FALSE	-100	-1	31	139	TRUE	309367	0.0590505946728	0.901302614709776	3338	617	12769	0.699304291326553	0.482106109848246	1.19942762415546	0.0395924716903311	24230000	7
20221002 155947	binary	custom	TRUE	TRUE	FALSE	-100	-1	31	37	TRUE	309367	0.185521823863641	0.797160192760122	3882	336	11854	0.360577320276449	0.867686842555284	0.247766199056059	0.0890710910206609	24300000	8
20221002 160027	binary	custom	TRUE	TRUE	FALSE	-100	-1	31	80	TRUE	309367	0.0725981103880784	0.575595785661911	2777	301	7401	0.717570486085283	3.9158629866304	1.15468112229913	0.0851298141952915	26160000	9
20221002 160053	binary	custom	TRUE	TRUE	FALSE	-100	-1	31	46	TRUE	309367	0.064597946533791	0.815372268317474	4576	547	12181	0.770057634347015	4.57141525167066	1.69838769933752	0.0571607100602705	24840000	10
20221002 160111	binary	custom	TRUE	TRUE	FALSE	-100	-1	31	20	TRUE	309367	0.199869380063448	0.6292819737405	1674	183	11604	0.840014663793974	0.632180384159761	0.352981417498086	0.0476996447664634	24560000	11
20221002 160135	binary	custom	TRUE	TRUE	FALSE	-100	-1	31	38	TRUE	309367	0.131234731260791	0.335759025382706	7280	788	13674	0.606354020598034	1.25310817801316	0.749359997241603	0.0930306980289364	23300000	12
20221002 160153	binary	custom	TRUE	TRUE	FALSE	-100	-1	31	41	TRUE	309367	0.157517170174138	0.960067509870148	6382	709	5907	0.505716974453794	0.747635639175617	2.59542442012268	0.0506284049278798	25310000	13
20221002 160216	binary	custom	TRUE	TRUE	FALSE	-100	-1	31	39	TRUE	309367	0.258187282817865	0.465264572673995	1927	268	10713	0.469947282607771	2.13592749641975	1.9223497370646	0.0236616691535649	25700000	14
20221002 160257	binary	custom	TRUE	TRUE	FALSE	-100	-1	31	154	TRUE	309367	0.229766937221834	0.416200915330814	5482	559	5768	0.964881753233365	4.21282694493938	0.58631439365369	0.0589479565775643	25190000	15
20221002 160338	binary	custom	TRUE	TRUE	FALSE	-100	-1	31	203	TRUE	309367	0.0967657058741315	0.685564904530636	6646	219	12289	0.791542573428403	1.24883191478956	2.12877864844631	0.0215550300458239	25350000	16
20221002 160406	binary	custom	TRUE	TRUE	FALSE	-100	-1	31	59	TRUE	309367	0.0850052953382126	0.887051670372279	3114	745	7896	0.319005590672087	4.76568314874183	2.84306314849528	0.0678530631962025	26850000	17
20221002 160543	binary	custom	TRUE	TRUE	FALSE	-100	-1	31	234	TRUE	309367	0.0151210720351406	0.288427613194411	5138	814	11049	0.575604351490943	1.0188918403906	1.45600355544593	0.00866472698528216	25190000	18
20221002 160610	binary	custom	TRUE	TRUE	FALSE	-100	-1	31	45	TRUE	309367	0.180837555138795	0.743731570031701	532	1012	10421	0.231031509530213	3.1090857502487	0.463020982841651	0.0284875455183081	23800000	19
20221002 160636	binary	custom	TRUE	TRUE	FALSE	-100	-1	31	47	TRUE	309367	0.234955579035191	0.58270844675911	939	446	5013	0.817559140594676	2.04096551124369	2.42729746201076	0.0829814830736723	23740000	20
20221002 160728	binary	custom	TRUE	TRUE	FALSE	-100	-1	31	213	TRUE	309367	0.0493176662415499	0.61321623807566	7718	49	6816	0.385805480409828	3.20975082793868	0.27586539995779	0.0446350271600143	25890000	21
20221002 160805	binary	custom	TRUE	TRUE	FALSE	-100	-1	31	159	TRUE	309367	0.201993892819931	0.308437927000018	7023	247	9359	0.663294822288056	4.69921823849695	2.67378792711922	0.0323395014740527	25770000	22
20221002 161044	binary	custom	TRUE	TRUE	FALSE	-100	-1	31	364	TRUE	309367	0.00945788975533408	0.386135564480598	4247	27	13611	0.679198312645571	4.03683931534437	2.26318992507489	0.0805166902544443	23740000	23
20221002 161059	binary	custom	TRUE	TRUE	FALSE	-100	-1	31	18	TRUE	309367	0.293949144538233	0.990227656206116	3578	910	6405	0.525046642166045	2.85616947984737	1.65031956598007	0.00145917737520196	25030000	24
20221002 161120	binary	custom	TRUE	TRUE	FALSE	-100	-1	31	62	TRUE	309367	0.223334276262839	0.238608121613248	6947	980	8634	0.305524832796719	1.89496717865243	2.17806025491639	0.0117815265134494	25860000	25
20221002 161206	binary	custom	TRUE	TRUE	FALSE	-100	-1	31	217	TRUE	309367	0.0918586404480286	0.912312316687571	6126	966	11315	0.444211665365017	3.6405195262503	0.0447987729179052	0.0734735051254069	25530000	26
20221002 161244	binary	custom	TRUE	TRUE	FALSE	-100	-1	31	107	TRUE	309367	0.136284402213221	0.522655210933752	4706	358	13992	0.865621336709915	0.0640767132022625	2.55114893000185	0.0999005099208767	23940000	27
20221002 161305	binary	custom	TRUE	TRUE	FALSE	-100	-1	31	56	TRUE	309367	0.284421841128529	0.866340421507549	5031	483	14975	0.205561752032696	2.29480809887819	1.80303512769751	0.0383828409236028	22370000	28
20221002 161439	binary	custom	TRUE	TRUE	FALSE	-100	-1	31	267	TRUE	309367	0.0401779364910908	0.46889776486593	788	840	14293	0.333594577666372	3.52718809532234	2.94229673293497	0.0641927796959256	23740000	29
20221002 161503	binary	custom	TRUE	TRUE	FALSE	-100	-1	31	45	TRUE	309367	0.110849892343103	0.245061967118333	1325	738	6199	0.871815640106797	4.99055693194451	1.56267889005054	0.00414353059734114	25530000	30
20221002 161611	binary	custom	TRUE	TRUE	FALSE	-100	-1	31	121	TRUE	309367	0.0333041606498429	0.534923338351978	2441	593	10208	0.257547410499925	0.322649721605962	0.128849516545112	0.0551930999551486	25990000	31
20221002 161631	binary	custom	TRUE	TRUE	FALSE	-100	-1	31	43	TRUE	309367	0.163220734878721	0.774421182450735	7471	421	5352	0.906791400278194	0.195449898116446	0.521163473972895	0.0145049399709226	24340000	32
20221002 161645	binary	custom	TRUE	TRUE	FALSE	-100	-1	31	17	TRUE	309367	0.247600231303594	0.947236828676735	3664	405	12859	0.938334662032624	4.39285009915087	0.813734068612878	0.0958125807894653	23570000	33
20221002 161701	binary	custom	TRUE	TRUE	FALSE	-100	-1	31	33	TRUE	309367	0.277721820080187	0.203307790366105	5618	111	8525	0.271982367548885	3.75726087853157	0.867864869806605	0.0700327788246796	25430000	34
20221002 161719	binary	custom	TRUE	TRUE	FALSE	-100	-1	31	22	TRUE	309367	0.274081921077903	0.355837095678887	2979	927	14505	0.916824532186405	1.71726296471509	1.35258425405482	0.00769340652752564	21790000	35
20221002 161817	binary	custom	TRUE	TRUE	FALSE	-100	-1	31	130	TRUE	309367	0.0291050710172729	0.842684365570959	2010	186	7091	0.587253481630857	2.69118833611073	2.77956745418487	0.0351655262722892	26300000	36
20221002 161908	binary	custom	TRUE	TRUE	FALSE	-100	-1	31	155	TRUE	309367	0.0849046081640945	0.880192327611783	5356	514	8377	0.565511112787592	2.33028320205892	2.3477990480416	0.0555746375300146	26930000	37
20221002 161939	binary	custom	TRUE	TRUE	FALSE	-100	-1	31	108	TRUE	309367	0.0943243420123387	0.891999070967162	5063	150	7928	0.501948852840068	3.2446031100358	2.13234665665135	0.0294389580981781	26710000	38
20221002 162012	binary	custom	TRUE	TRUE	FALSE	-100	-1	31	114	TRUE	309367	0.0752158282244677	0.797230770921647	5421	788	7888	0.614290343214869	3.48568673295681	2.38178646214025	0.0630229791063777	26470000	39
20221002 162037	binary	custom	TRUE	TRUE	FALSE	-100	-1	31	49	TRUE	309367	0.0949577629187957	0.80289282551728	3625	368	9291	0.512837931877132	1.02500276278807	2.46227730397448	0.0471003260622474	26300000	40
20221002 162059	binary	custom	TRUE	TRUE	FALSE	-100	-1	31	51	TRUE	309367	0.104068003458995	0.994434296516754	5755	534	8249	0.299693958622332	2.67059564643765	1.45898150116792	0.078174100383464	25830000	41
20221002 162126	binary	custom	TRUE	TRUE	FALSE	-100	-1	31	68	TRUE	309367	0.0937117566751159	0.782059123080751	4169	524	8219	0.747994914394056	3.04854582040801	2.95702777164151	0.0591170654971351	26930000	42
20221002 162214	binary	custom	TRUE	TRUE	FALSE	-100	-1	31	188	TRUE	309367	0.0522340098137551	0.688190266521323	6042	70	7794	0.738752455395787	2.21980807753108	2.33737091977707	0.0605442535312468	26660000	43
20221002 162242	binary	custom	TRUE	TRUE	FALSE	-100	-1	31	60	TRUE	309367	0.0854664636339982	0.856374125150984	3193	607	8333	0.540942467513143	3.84077443156116	2.77975285795312	0.0252869738246572	26300000	44
20221002 162303	binary	custom	TRUE	TRUE	FALSE	-100	-1	31	42	TRUE	309367	0.1161889031404	0.769179332578864	4852	359	7728	0.48920940636917	4.24190841554683	2.81939218464173	0.0672963144832655	26630000	45
20221002 162330	binary	custom	TRUE	TRUE	FALSE	-100	-1	31	68	TRUE	309367	0.0938256045516341	0.938199519872873	4506	183	7892	0.692475522001214	4.11588026334691	1.32685612109963	0.0542535949240977	26460000	46
20221002 162406	binary	custom	TRUE	TRUE	FALSE	-100	-1	31	86	TRUE	309367	0.0798394077884566	0.602367095269895	3453	635	8035	0.331887651145918	1.97704201197808	2.90387879923902	0.055067761466885	26730000	47
20221002 162428	binary	custom	TRUE	TRUE	FALSE	-100	-1	31	52	TRUE	309367	0.119692808258688	0.657196930503994	4548	226	8191	0.690869353242719	2.57388261612439	2.16277730127212	0.0593677187701945	26900000	48
20221002 162509	binary	custom	TRUE	TRUE	FALSE	-100	-1	31	156	TRUE	309367	0.0662581795151663	0.654643213862692	4498	597	8550	0.70073020225284	2.15197981190489	2.82836548995168	0.0684819889591761	26660000	49
20221002 162536	binary	custom	TRUE	TRUE	FALSE	-100	-1	31	68	TRUE	309367	0.103741792841591	0.905404421412194	5002	112	8005	0.723212000069525	2.92874994306879	2.77975075887773	0.0613628638930412	25910000	50
20221002 162610	binary	custom	TRUE	TRUE	FALSE	-100	-1	31	100	TRUE	309367	0.0596044881022271	0.69166640968741	5370	291	7652	0.67349576887192	1.77720258905253	2.03075368438879	0.0527617136702734	26540000	51
20221002 162643	binary	custom	TRUE	TRUE	FALSE	-100	-1	31	55	TRUE	309367	0.0991553525581182	0.517152724430815	4824	17	8754	0.739371319343723	1.80988641187953	1.29097244030338	0.0596577078794609	26020000	52
20221002 162705	binary	custom	TRUE	TRUE	FALSE	-100	-1	31	51	TRUE	309367	0.111197856252855	0.751196792384068	5002	445	8261	0.545096647813626	2.88733230745624	2.29621435523908	0.0800188738184004	26200000	53
20221002 162731	binary	custom	TRUE	TRUE	FALSE	-100	-1	31	51	TRUE	309367	0.0834525504185233	0.622200697995034	3515	512	8314	0.652994624683205	4.4067069798078	2.37355457078748	0.055156859695187	26660000	54
20221002 162751	binary	custom	TRUE	TRUE	FALSE	-100	-1	31	49	TRUE	309367	0.192862416304603	0.88801276716805	4479	675	8350	0.453189500694123	3.18775169350874	2.99093801994123	0.0586268009324872	26020000	55
20221002 162839	binary	custom	TRUE	TRUE	FALSE	-100	-1	31	156	TRUE	309367	0.0483053665077333	0.853855826379442	3752	573	7566	0.630063585321022	4.52779461658382	2.96873334772397	0.0609256127157265	25990000	56
20221002 162906	binary	custom	TRUE	TRUE	FALSE	-100	-1	31	47	TRUE	309367	0.130754601921942	0.633541270172002	5561	600	8414	0.719734355750389	2.13469861248382	2.17790674448475	0.0400549146450509	25980000	57
20221002 162930	binary	custom	TRUE	TRUE	FALSE	-100	-1	31	48	TRUE	309367	0.092477733812505	0.765133118852045	4446	459	8288	0.354376091621974	2.78792760761876	0.375478093494806	0.0580640527173309	26550000	58
20221002 163000	binary	custom	TRUE	TRUE	FALSE	-100	-1	31	84	TRUE	309367	0.104561981496957	0.687217950360268	2399	106	7888	0.499405048090703	3.05584952255165	1.90097443959985	0.022385884816042	26550000	59
20221002 163027	binary	custom	TRUE	TRUE	FALSE	-100	-1	31	47	TRUE	309367	0.088659874645092	0.813337432375082	3279	699	8418	0.342969082093147	2.25275840004761	2.4061240208579	0.0591210661401754	26050000	60
20221002 163055	binary	custom	TRUE	TRUE	FALSE	-100	-1	31	63	TRUE	309367	0.119428376921393	0.363723541553931	4610	139	7388	0.579125630056669	1.30638839581916	1.47602860483371	0.0400239909422449	26430000	61
20221002 163129	binary	custom	TRUE	TRUE	FALSE	-100	-1	31	120	TRUE	309367	0.0867458797313114	0.74000628179227	5315	386	7656	0.552553485049407	2.82071736908666	2.55034993474708	0.0717510072635157	26450000	62
20221002 163203	binary	custom	TRUE	TRUE	FALSE	-100	-1	31	74	TRUE	309367	0.0947991500102041	0.490944436884431	6557	763	8233	0.377782236115355	4.42268293714955	2.93128872762922	0.0552077209155916	26740000	63
20221002 163234	binary	custom	TRUE	TRUE	FALSE	-100	-1	31	89	TRUE	309367	0.0703037641104688	0.723978265423087	6193	295	8466	0.634765023743711	1.57145895986672	2.31303879160899	0.0498481037860099	26670000	64
20221002 163305	binary	custom	TRUE	TRUE	FALSE	-100	-1	31	50	TRUE	309367	0.129466040760877	0.535446601969642	2997	157	7700	0.647817966343574	3.88478883992315	1.79412589532261	0.0615621424865097	25800000	65
20221002 163340	binary	custom	TRUE	TRUE	FALSE	-100	-1	31	110	TRUE	309367	0.061191381922901	0.625436357312722	6246	377	8262	0.745895572741168	2.09020173759177	2.63970173031437	0.057736095978829	26760000	66
20221002 163418	binary	custom	TRUE	TRUE	FALSE	-100	-1	31	88	TRUE	309367	0.0483617532764609	0.721559262718218	4529	392	8248	0.750333551932495	3.95455695989955	1.01375929673828	0.0662678911922928	26390000	67
20221002 163442	binary	custom	TRUE	TRUE	FALSE	-100	-1	31	59	TRUE	309367	0.108158153326214	0.676988064726598	5192	428	8173	0.513887561527084	2.97601132571771	2.34079645894785	0.0555965664527568	26620000	68
20221002 163507	binary	custom	TRUE	TRUE	FALSE	-100	-1	31	63	TRUE	309367	0.0930058710922469	0.884001465266246	4672	322	7891	0.409550148117248	3.72161676755005	0.292982667795223	0.049020236012832	26300000	69
20221002 163534	binary	custom	TRUE	TRUE	FALSE	-100	-1	31	72	TRUE	309367	0.121274516768193	0.891199474884892	6399	192	7443	0.774330369570848	2.26664683261536	1.0456665760951	0.073555682319992	25920000	70
20221002 163600	binary	custom	TRUE	TRUE	FALSE	-100	-1	31	65	TRUE	309367	0.0955220673247898	0.764660630951391	4773	106	8010	0.708531267839028	2.08260879132756	1.2321714019035	0.0455679218439925	26300000	71
20221002 163639	binary	custom	TRUE	TRUE	FALSE	-100	-1	31	96	TRUE	309367	0.0669688507993373	0.846025335055114	2454	272	8231	0.638790455302224	3.28865986573659	2.13695029054278	0.0556578916868032	26580000	72
20221002 163806	binary	custom	TRUE	TRUE	FALSE	-100	-1	31	262	TRUE	309367	0.0365298635256249	0.531329702064217	4907	526	8455	0.61708490924065	3.11092550305084	0.342812902430996	0.060767281680666	26690000	73
20221002 163855	binary	custom	TRUE	TRUE	FALSE	-100	-1	31	94	TRUE	309367	0.064445456675276	0.46444964242695	4065	613	8276	0.727154853478817	3.33961318589154	0.663888110227263	0.0489326602054498	26970000	74
20221002 163949	binary	custom	TRUE	TRUE	FALSE	-100	-1	31	115	TRUE	309367	0.0498410224945181	0.439573294587324	3993	681	8080	0.359770504286177	1.8943102490241	0.620578444297058	0.0521954896460142	26560000	75
20221002 164038	binary	custom	TRUE	TRUE	FALSE	-100	-1	31	158	TRUE	309367	0.0767790439770141	0.359015356209444	4404	594	8864	0.784095591880598	4.34461244028076	0.598084288425568	0.0568362964923316	26600000	76
20221002 164115	binary	custom	TRUE	TRUE	FALSE	-100	-1	31	99	TRUE	309367	0.0603834728530414	0.765703171129159	3233	619	8415	0.778382050807401	3.58942644189504	0.731020942271184	0.0343927658761888	26290000	77
20221002 164155	binary	custom	TRUE	TRUE	FALSE	-100	-1	31	97	TRUE	309367	0.0697477028506448	0.362628431654174	4783	509	7808	0.8284743315334	3.24418208520113	0.657611598072289	0.0567349758288553	26470000	78
20221002 164223	binary	custom	TRUE	TRUE	FALSE	-100	-1	31	72	TRUE	309367	0.083078846661718	0.794435206777699	5182	437	8462	0.82127092859719	1.18468225561628	2.2796256726193	0.0595687363879057	26680000	79
20221002 164327	binary	custom	TRUE	TRUE	FALSE	-100	-1	31	205	TRUE	309367	0.0907170580786481	0.493763948531926	2985	654	8904	0.685122327629132	3.22363054015435	0.550581418732646	0.0339386303657859	26200000	80
20221002 164405	binary	custom	TRUE	TRUE	FALSE	-100	-1	31	103	TRUE	309367	0.0862354759165182	0.595228980864503	4839	774	8317	0.608664631296611	3.4210548515758	0.78452634043313	0.0525699688090296	26250000	81
20221002 164434	binary	custom	TRUE	TRUE	FALSE	-100	-1	31	81	TRUE	309367	0.0903636014873788	0.833963085563936	4643	219	8373	0.627143745352365	4.88376080254761	2.15596357636079	0.0561300175183773	26940000	82
20221002 164458	binary	custom	TRUE	TRUE	FALSE	-100	-1	31	50	TRUE	309367	0.0881065183605671	0.964232209373676	4615	215	8184	0.741215109295267	3.52812422243274	2.18534562517062	0.0547217097077603	26760000	83
20221002 164609	binary	custom	TRUE	TRUE	FALSE	-100	-1	31	194	TRUE	309367	0.0468800573721256	0.504196704296437	3443	508	8352	0.650268813787835	4.53232421377049	0.641700301956353	0.0519900704341653	26660000	84
20221002 164638	binary	custom	TRUE	TRUE	FALSE	-100	-1	31	43	TRUE	309367	0.128534544969049	0.425456270980674	4045	49	8821	0.372127958664563	3.07791840318258	2.08356671295529	0.0314088589114831	26600000	85
20221002 164728	binary	custom	TRUE	TRUE	FALSE	-100	-1	31	236	TRUE	309367	0.0909817212471147	0.963486717121075	4615	562	8433	0.528544594040725	3.99764052276256	2.85077573211475	0.058687482372411	26740000	86
20221002 164801	binary	custom	TRUE	TRUE	FALSE	-100	-1	31	57	TRUE	309367	0.100109622249778	0.492290120323444	4485	529	8132	0.87833961854658	2.75560602582811	2.8716048787666	0.0599097338764095	26300000	87
20221002 164831	binary	custom	TRUE	TRUE	FALSE	-100	-1	31	78	TRUE	309367	0.0868296538242743	0.620957326703878	4456	116	8269	0.687172235537712	3.53764375543196	2.16062494873377	0.0279372019954365	26750000	88
20221002 164856	binary	custom	TRUE	TRUE	FALSE	-100	-1	31	44	TRUE	309367	0.106833728561556	0.709776309706579	4757	179	8870	0.628499557618963	3.39065160612387	2.08131645213582	0.0550660133564368	26180000	89
20221002 164933	binary	custom	TRUE	TRUE	FALSE	-100	-1	31	87	TRUE	309367	0.126299978553785	0.490470214698688	2290	92	7908	0.462105186941528	1.07004113620118	2.1503321405914	0.02788093496325	26430000	90
20221002 165009	binary	custom	TRUE	TRUE	FALSE	-100	-1	31	92	TRUE	309367	0.0823016451556782	0.923755214027348	6064	763	8331	0.922564152123618	4.57711108490253	2.32337451432026	0.0562258387873775	26780000	91
20221002 165050	binary	custom	TRUE	TRUE	FALSE	-100	-1	31	112	TRUE	309367	0.0764849822492955	0.372982733554731	4459	571	8299	0.399560447721348	3.60330749538246	2.22919501951616	0.0373780882464911	26290000	92
20221002 165116	binary	custom	TRUE	TRUE	FALSE	-100	-1	31	28	TRUE	309367	0.135706300801489	0.389801220237858	3634	587	8297	0.51411203152298	2.49270611144913	1.27265624549591	0.0306541159843464	26370000	93
20221002 165150	binary	custom	TRUE	TRUE	FALSE	-100	-1	31	130	TRUE	309367	0.0935130884066188	0.779164387946085	5735	793	8333	0.748132191835072	4.92927871608094	2.87744615675793	0.0589965820405537	26700000	94
20221002 165217	binary	custom	TRUE	TRUE	FALSE	-100	-1	31	38	TRUE	309367	0.0972700223488362	0.728338513944488	2305	427	8408	0.34332418140394	3.52881348689863	2.94896874247693	0.0583125206492589	26550000	95
20221002 165243	binary	custom	TRUE	TRUE	FALSE	-100	-1	31	78	TRUE	309367	0.0937913457522359	0.78737972606958	6885	442	8264	0.428874968073112	4.34076227885044	2.27055679907426	0.0516646670304613	26680000	96
20221002 165341	binary	custom	TRUE	TRUE	FALSE	-100	-1	31	160	TRUE	309367	0.040759478243087	0.83327840685868	4637	289	8071	0.598211058685436	2.97023372819574	2.37800523112982	0.0430873066672657	26980000	97
20221002 165427	binary	custom	TRUE	TRUE	FALSE	-100	-1	31	140	TRUE	309367	0.0407617389826943	0.639465101741416	4892	346	7984	0.255792071941326	4.93245474902524	2.40752214626655	0.0669332988189781	26760000	98
20221002 165451	binary	custom	TRUE	TRUE	FALSE	-100	-1	31	38	TRUE	309367	0.134901090364614	0.351339142348593	4263	162	8062	0.29218677573387	4.90115753393256	2.1077102319699	0.0200266218166035	25960000	99
20221002 165542	binary	custom	TRUE	TRUE	FALSE	-100	-1	31	151	TRUE	309367	0.0454432228788112	0.976558402299911	6271	506	8414	0.71853385535498	3.19356182573539	0.900238156660533	0.0503608704107044	27100000	100
20221002 170011	binary	custom	TRUE	TRUE	FALSE	-100	-1	31	1019	TRUE	309367	0.0062002777984438	0.852361301373896	4054	258	8392	0.634285392244567	2.1086921473479	2.08332003399543	0.0302357430914387	26340000	101
20221002 170042	binary	custom	TRUE	TRUE	FALSE	-100	-1	31	79	TRUE	309367	0.09994207948236	0.661189666918858	6127	879	8116	0.314159739918342	4.68493284748448	2.93842788391657	0.0689936757972857	26410000	102
20221002 170215	binary	custom	TRUE	TRUE	FALSE	-100	-1	31	271	TRUE	309367	0.0317277476712341	0.506714671978278	5136	262	8103	0.258514502685485	1.65251314766496	2.98900932881864	0.0576192762883704	26760000	103
20221002 170256	binary	custom	TRUE	TRUE	FALSE	-100	-1	31	171	TRUE	309367	0.0716220131072016	0.932349490294553	6817	528	8389	0.697982235225568	3.55566123775665	0.737795648296053	0.055666927516929	26910000	104
20221002 170453	binary	custom	TRUE	TRUE	FALSE	-100	-1	31	402	TRUE	309367	0.0278925176358869	0.249012806269013	4739	708	8295	0.70912742480528	2.06649424944194	2.39644056551034	0.0486765232610298	27170000	105
20221002 170731	binary	custom	TRUE	TRUE	FALSE	-100	-1	31	578	TRUE	309367	0.0180123037022719	0.364328714991333	3899	621	8295	0.588957210273651	2.20484606714252	2.90728166255579	0.0486357088560631	26530000	106
20221002 170805	binary	custom	TRUE	TRUE	FALSE	-100	-1	31	92	TRUE	309367	0.074027455723098	0.216948186913035	6577	666	8276	0.725448129297654	1.08359159527937	1.90453197608009	0.0486749338830807	26330000	107
20221002 170950	binary	custom	TRUE	TRUE	FALSE	-100	-1	31	329	TRUE	309367	0.0165631363685103	0.233617981384711	3695	357	8294	0.730435615566696	3.35022838529854	0.297979225118545	0.0466501742714235	26540000	108
20221002 171129	binary	custom	TRUE	TRUE	FALSE	-100	-1	31	335	TRUE	309367	0.0231292107783236	0.276768670918358	4153	834	8202	0.751018798454999	4.47010783378908	2.19618547946856	0.0490211272605529	26080000	109
20221002 171240	binary	custom	TRUE	TRUE	FALSE	-100	-1	31	214	TRUE	309367	0.0306561345159051	0.214950239575736	4408	665	8658	0.633417817977066	1.47445499539077	2.59151181619958	0.0498612957611874	26610000	110
20221002 171328	binary	custom	TRUE	TRUE	FALSE	-100	-1	31	153	TRUE	309367	0.060109559229459	0.310456310010355	4484	93	7872	0.306120506502836	2.47262395081596	2.52393956386897	0.0417815884959561	26180000	111
20221002 171417	binary	custom	TRUE	TRUE	FALSE	-100	-1	31	132	TRUE	309367	0.0374972098189563	0.897935008872127	4320	547	8494	0.72739432836572	2.55760882615067	0.662579453989008	0.0522560517732898	26700000	112
20221002 171605	binary	custom	TRUE	TRUE	FALSE	-100	-1	31	453	TRUE	309367	0.0278528070544361	0.296897729266304	6692	539	8058	0.80224952793701	1.96285047224742	1.95773993446994	0.0431210300731827	26370000	113
20221002 171647	binary	custom	TRUE	TRUE	FALSE	-100	-1	31	145	TRUE	309367	0.0507057463356242	0.91538426637714	7160	304	8362	0.709975555514081	4.95241702178328	1.17628314411082	0.0472196966559612	26880000	114
20221002 171806	binary	custom	TRUE	TRUE	FALSE	-100	-1	31	299	TRUE	309367	0.0222690782239997	0.868579024694852	5824	324	8073	0.384263366490956	4.99878824639281	2.68248425052123	0.0582280167379737	26900000	115
20221002 171839	binary	custom	TRUE	TRUE	FALSE	-100	-1	31	95	TRUE	309367	0.0688027705086732	0.956872160026717	5470	702	8421	0.763360449281411	3.1922532349504	2.33572754636223	0.051486203536339	26120000	116
20221002 171912	binary	custom	TRUE	TRUE	FALSE	-100	-1	31	81	TRUE	309367	0.0971809786414464	0.596743833991938	4660	331	8331	0.576503567823254	1.23763979214429	2.37514618467438	0.0524719257529609	26220000	117
20221002 171947	binary	custom	TRUE	TRUE	FALSE	-100	-1	31	108	TRUE	309367	0.0634832520661194	0.800105496350586	5515	414	8264	0.427464717224722	2.08041685685486	2.99616635874115	0.0322821110412044	26520000	118
20221002 172058	binary	custom	TRUE	TRUE	FALSE	-100	-1	31	325	TRUE	309367	0.0405679194383185	0.843614545113897	6309	404	8407	0.669542568435555	4.93895935421707	1.93846278451728	0.051862209144497	26870000	119
20221002 172139	binary	custom	TRUE	TRUE	FALSE	-100	-1	31	130	TRUE	309367	0.0590194494910494	0.896748608957776	6063	553	8439	0.298392208934987	4.54775455488908	2.06178551455235	0.0203436246903505	27050000	120
20221002 172336	binary	custom	TRUE	TRUE	FALSE	-100	-1	31	451	TRUE	309367	0.0179047483299388	0.974382060827198	4721	260	8323	0.483989387685308	4.96602188573609	2.58182865053164	0.0421791325514507	26720000	121
20221002 172608	binary	custom	TRUE	TRUE	FALSE	-100	-1	31	446	TRUE	309367	0.0248144916125601	0.466548587319441	6064	342	8234	0.56798496770712	3.21431478389932	0.766591608122389	0.0668542968887461	27220000	122
20221002 172742	binary	custom	TRUE	TRUE	FALSE	-100	-1	31	241	TRUE	309367	0.023183125006587	0.466454518950207	5543	346	8203	0.491953566787364	3.81482151496261	2.36250861452673	0.00998135452919803	26640000	123
20221002 172834	binary	custom	TRUE	TRUE	FALSE	-100	-1	31	131	TRUE	309367	0.0535675374666707	0.474747079547402	6702	505	8270	0.510449331791707	3.04621989218831	0.452976998764566	0.0908850203589125	26660000	124
20221002 172913	binary	custom	TRUE	TRUE	FALSE	-100	-1	31	114	TRUE	309367	0.0527547073886963	0.986385213886763	6894	302	8462	0.721470473917644	3.52562723658804	0.928149238559766	0.0315831639698491	2.7e+07	125
20221002 173043	binary	custom	TRUE	TRUE	FALSE	-100	-1	31	274	TRUE	309367	0.0219576715311495	0.2507751460199	4138	519	8542	0.441148681951395	0.636606028577498	2.51782661161526	0.0721239273721761	26280000	126
20221002 173122	binary	custom	TRUE	TRUE	FALSE	-100	-1	31	134	TRUE	309367	0.0909866922390105	0.895838794094511	4641	485	8517	0.452090765207806	4.99616154796878	2.32157626974945	0.0564529492831806	26650000	127
20221002 173320	binary	custom	TRUE	TRUE	FALSE	-100	-1	31	581	TRUE	309367	0.0269775935885467	0.752465545664914	5088	692	8357	0.210762199715991	2.78397288326414	1.38809660412857	0.0501330306346799	26810000	128
20221002 173407	binary	custom	TRUE	TRUE	FALSE	-100	-1	31	161	TRUE	309367	0.0641870769790617	0.839805007569134	6661	326	8680	0.34769159950468	4.21582196919165	0.449354401771822	0.0592393692696061	26720000	129
20221002 173552	binary	custom	TRUE	TRUE	FALSE	-100	-1	31	380	TRUE	309367	0.0259362927453918	0.827117856493484	5072	139	8348	0.406780171479586	2.91478839195748	2.15549674175207	0.0682274328455782	27230000	130
20221002 173758	binary	custom	TRUE	TRUE	FALSE	-100	-1	31	620	TRUE	309367	0.0241172334146756	0.909419626102958	5281	275	8274	0.561426683080751	2.58171423642834	0.636552130638764	0.084522885979626	26900000	131
20221002 173825	binary	custom	TRUE	TRUE	FALSE	-100	-1	31	80	TRUE	309367	0.115991980024246	0.686560520797953	5375	69	8051	0.381475420096467	3.04455621474162	2.05015020021434	0.00872391812961721	26700000	132
20221002 173914	binary	custom	TRUE	TRUE	FALSE	-100	-1	31	190	TRUE	309367	0.0460718232806791	0.910040023902908	7513	374	8518	0.304347901136644	2.93428279331178	2.47791137759421	0.00885838296297854	27050000	133
20221002 174050	binary	custom	TRUE	TRUE	FALSE	-100	-1	31	443	TRUE	309367	0.0269569705766874	0.657052375902742	4870	198	8253	0.391836634066239	3.39931908224606	2.89842984513949	0.0565388613746383	26780000	134
20221002 174135	binary	custom	TRUE	TRUE	FALSE	-100	-1	31	158	TRUE	309367	0.0442395132939409	0.995163779083313	7302	262	8450	0.429408066362307	3.02372126807959	1.22715436452214	0.0296566561823467	26620000	135
20221002 174242	binary	custom	TRUE	TRUE	FALSE	-100	-1	31	222	TRUE	309367	0.0585379797438057	0.461987514497343	7320	487	8609	0.584656632838084	2.78712260552318	0.742570364369754	0.0485679382125181	26550000	136
20221002 174340	binary	custom	TRUE	TRUE	FALSE	-100	-1	31	213	TRUE	309367	0.0324636079247033	0.820754599936491	5559	181	7995	0.235418506993592	3.59670763170278	2.18657352674671	0.0556879681120377	26650000	137
20221002 174502	binary	custom	TRUE	TRUE	FALSE	-100	-1	31	176	TRUE	309367	0.0270878274537475	0.46462399284891	4528	740	8163	0.384482533714596	2.30028962066806	2.32312943427098	0.0651075479664735	26400000	138
20221002 174601	binary	custom	TRUE	TRUE	FALSE	-100	-1	31	225	TRUE	309367	0.0310703302065243	0.888212130138139	7740	456	8705	0.499984442808701	2.78733472039024	1.72083396323087	0.0577179184064514	26910000	139
20221002 174706	binary	custom	TRUE	TRUE	FALSE	-100	-1	31	275	TRUE	309367	0.0409663555844597	0.701666502877692	5594	129	8254	0.705607316668425	2.74541660583118	1.12731086666743	0.0578385877048917	26700000	140
20221002 174749	binary	custom	TRUE	TRUE	FALSE	-100	-1	31	168	TRUE	309367	0.0575780352470395	0.965230081213095	6333	403	8423	0.917789805289966	4.85871947320139	0.75034241000436	0.0633376491476813	26680000	141
20221002 174838	binary	custom	TRUE	TRUE	FALSE	-100	-1	31	161	TRUE	309367	0.0514869561261587	0.658683330846217	3807	511	8207	0.275851525461798	2.47701437734856	0.927889409089447	0.0575431835109974	26710000	142
20221002 175009	binary	custom	TRUE	TRUE	FALSE	-100	-1	31	215	TRUE	309367	0.0222699106326752	0.422328943941521	4005	270	8282	0.703288606537993	1.64706802120797	0.891861679006551	0.0555625290717308	26320000	143
20221002 175110	binary	custom	TRUE	TRUE	FALSE	-100	-1	31	204	TRUE	309367	0.0282679652696331	0.913302778864332	6105	788	8118	0.452930441892663	3.80879757081033	0.970347686128444	0.0493250602666925	26810000	144
20221002 175255	binary	custom	TRUE	TRUE	FALSE	-100	-1	31	368	TRUE	309367	0.0233358669301825	0.965176995048258	6214	321	8244	0.48443343442173	3.88473738285945	2.221443814979	0.0527273266000615	26800000	145
20221002 175953	binary	custom	TRUE	TRUE	FALSE	-100	-1	31	1335	TRUE	309367	0.00558112304776299	0.442816124807668	3941	591	8354	0.573308093664741	3.38825318350609	0.757858837327768	0.0794746600311051	26660000	146
20221002 180042	binary	custom	TRUE	TRUE	FALSE	-100	-1	31	170	TRUE	309367	0.0935086509863716	0.60515596721727	5843	205	7687	0.599396300186853	4.93080689595008	2.00469123504438	0.0348854430322768	26470000	147
20221002 180223	binary	custom	TRUE	TRUE	FALSE	-100	-1	31	392	TRUE	309367	0.0340572130082768	0.370538225915282	6124	516	8374	0.535474337816811	2.49338990463071	0.766169938290567	0.0599042397927254	26620000	148
20221002 180351	binary	custom	TRUE	TRUE	FALSE	-100	-1	31	358	TRUE	309367	0.024071289214945	0.838717561799745	5026	167	8438	0.579206308084662	2.43658088756434	2.40396369217732	0.0487523274122857	26970000	149
20221002 180532	binary	custom	TRUE	TRUE	FALSE	-100	-1	31	291	TRUE	309367	0.0210114120317232	0.384453335259402	5499	204	8390	0.322424720293628	3.22206650913809	0.996560479971176	0.0820957743333627	26420000	150
20221002 180753	binary	custom	TRUE	TRUE	FALSE	-100	-1	31	542	TRUE	309367	0.0111901923369388	0.820231388494872	5721	319	8241	0.403231176670967	3.32932063220173	0.746294607499331	0.0582475680929086	26800000	151
20221002 180834	binary	custom	TRUE	TRUE	FALSE	-100	-1	31	86	TRUE	309367	0.0499224262795166	0.974066517708759	2866	183	8436	0.596285960344129	3.38768827762513	0.364091055949356	0.0394691976863949	26890000	152
20221002 180907	binary	custom	TRUE	TRUE	FALSE	-100	-1	31	106	TRUE	309367	0.0897150431837871	0.813856391979976	6059	361	8299	0.877415547856359	4.46689049505806	1.87262132116168	0.0718342904819532	26770000	153
20221002 180944	binary	custom	TRUE	TRUE	FALSE	-100	-1	31	75	TRUE	309367	0.0845332977904679	0.464587253301602	5203	239	7842	0.418757387815116	3.48431517297926	1.04400469919958	0.0561160196648889	26240000	154
20221002 181137	binary	custom	TRUE	TRUE	FALSE	-100	-1	31	518	TRUE	309367	0.0297188723092478	0.201068742426438	5080	925	8012	0.651172304921354	2.24782980797448	2.38364648740993	0.0278966284574561	26540000	155
20221002 181304	binary	custom	TRUE	TRUE	FALSE	-100	-1	31	377	TRUE	309367	0.0393705119439329	0.902490772841307	5128	522	8410	0.316339293060132	3.28266672946059	2.51301223375786	0.0681842857067921	27020000	156
20221002 181347	binary	custom	TRUE	TRUE	FALSE	-100	-1	31	158	TRUE	309367	0.051496793285374	0.86910463627044	6955	573	8648	0.484799516413283	2.86737865420782	1.26305983347295	0.00517832964885533	26630000	157
20221002 181416	binary	custom	TRUE	TRUE	FALSE	-100	-1	31	82	TRUE	309367	0.16563874002423	0.918247922256256	4074	134	8365	0.594964339209275	3.16918976561384	1.49020075971622	0.0370369123934022	25830000	158
20221002 181534	binary	custom	TRUE	TRUE	FALSE	-100	-1	31	202	TRUE	309367	0.0301682530383038	0.465564787627889	6197	324	8248	0.704233768266498	3.42480973219524	2.25814535849708	0.0800509419777642	26310000	159
20221002 181612	binary	custom	TRUE	TRUE	FALSE	-100	-1	31	81	TRUE	309367	0.0606258845635941	0.602425826657202	2701	377	8177	0.34515839171883	3.11483894223514	2.95565764360543	0.00866313785263182	26370000	160
20221002 181732	binary	custom	TRUE	TRUE	FALSE	-100	-1	31	229	TRUE	309367	0.03358900724383	0.481237614652406	5612	209	8380	0.616662341980822	3.24330410167761	0.598671936008397	0.0696632215282215	26440000	161
20221002 181828	binary	custom	TRUE	TRUE	FALSE	-100	-1	31	246	TRUE	309367	0.0778280927834893	0.927114684886553	4829	439	7863	0.280039948414039	4.22457144632701	2.97825216484906	0.049971882317892	26600000	162
20221002 181909	binary	custom	TRUE	TRUE	FALSE	-100	-1	31	144	TRUE	309367	0.0512276810666059	0.751614712945021	7666	698	8169	0.313578707039618	4.19261110902585	1.82370970888581	0.0485317789140078	26550000	163
20221002 182019	binary	custom	TRUE	TRUE	FALSE	-100	-1	31	247	TRUE	309367	0.027823442283924	0.87112664990671	5180	389	8715	0.311674163897357	2.52176641485781	2.26608184285463	0.0115381936787393	26890000	164
20221002 182145	binary	custom	TRUE	TRUE	FALSE	-100	-1	31	308	TRUE	309367	0.0255824921159786	0.890330651504676	4083	158	8568	0.411789202372683	4.6812179231817	1.03558054491127	0.0816688739717215	26630000	165
20221002 182347	binary	custom	TRUE	TRUE	FALSE	-100	-1	31	548	TRUE	309367	0.0201875209365208	0.749110555876267	7008	139	8036	0.454863192521061	1.16586351200958	1.74346544019211	0.0793125643706545	27130000	166
20221002 182508	binary	custom	TRUE	TRUE	FALSE	-100	-1	31	316	TRUE	309367	0.0275114353803754	0.866510469400423	6177	222	8257	0.374555262684902	0.695412852320486	2.12919982428447	0.0746445367196865	27010000	167
20221002 182655	binary	custom	TRUE	TRUE	FALSE	-100	-1	31	449	TRUE	309367	0.0209819839969045	0.690817220512599	6277	450	8027	0.543725171642821	1.91859592580884	0.912132955869797	0.0635821250207797	26670000	168
20221002 182823	binary	custom	TRUE	TRUE	FALSE	-100	-1	31	337	TRUE	309367	0.0252209823025617	0.766982058635404	5525	59	8118	0.267530847309316	1.15180323339274	2.54089028037307	0.0786016378757858	26650000	169
20221002 183037	binary	custom	TRUE	TRUE	FALSE	-100	-1	31	462	TRUE	309367	0.022628119098878	0.445678901414274	7208	608	8234	0.660398765564122	3.55525260471801	0.672577912735406	0.0503977123066767	26500000	170
20221002 183145	binary	custom	TRUE	TRUE	FALSE	-100	-1	31	293	TRUE	309367	0.044543052487993	0.941124142965641	6329	241	8493	0.630302900386956	2.75731992984292	0.803791500884355	0.054516052513093	27100000	171
20221002 183245	binary	custom	TRUE	TRUE	FALSE	-100	-1	31	146	TRUE	309367	0.0401051218190692	0.305995284289267	2435	628	8373	0.717367947098776	1.2773243132335	2.79389522902651	0.00991814493421836	26460000	172
20221002 183340	binary	custom	TRUE	TRUE	FALSE	-100	-1	31	150	TRUE	309367	0.0401444128252872	0.917984791299272	5706	792	8330	0.269048538207804	4.58511708799921	1.02124855033978	0.0183635504215621	26540000	173
20221002 183631	binary	custom	TRUE	TRUE	FALSE	-100	-1	31	728	TRUE	309367	0.0159152587314191	0.232250786482371	5751	340	7707	0.563746041607019	1.20643261677294	1.33614465677987	0.0839222330475358	27150000	174
20221002 183743	binary	custom	TRUE	TRUE	FALSE	-100	-1	31	319	TRUE	309367	0.0311074510993261	0.808349419452914	7447	90	8305	0.454252551830063	2.93958684841882	2.17348491021899	0.0279564286921465	26590000	175
20221002 183944	binary	custom	TRUE	TRUE	FALSE	-100	-1	31	485	TRUE	309367	0.0221852414267019	0.225657555776852	4561	657	7071	0.692778684271523	2.71838878220829	2.15465607771918	0.071458149043744	26260000	176
20221002 184759	binary	custom	TRUE	TRUE	FALSE	-100	-1	31	2269	TRUE	309367	0.00622393677364154	0.302675479181454	6036	140	7810	0.515808810205571	0.0730243837036751	1.65834287437464	0.0908293111800873	26620000	177
20221002 185001	binary	custom	TRUE	TRUE	FALSE	-100	-1	31	386	TRUE	309367	0.0282871594905734	0.535750485829439	6207	582	8080	0.200913138017196	2.67235559656467	2.80311487587704	0.0586231490256346	26880000	178
20221002 185034	binary	custom	TRUE	TRUE	FALSE	-100	-1	31	92	TRUE	309367	0.0663987686061068	0.992843065213817	4603	263	8469	0.581965124528715	4.88898844344721	2.16958680251242	0.0465455286972457	26910000	179
20221002 185110	binary	custom	TRUE	TRUE	FALSE	-100	-1	31	59	TRUE	309367	0.0847821864337995	0.538431635573145	4539	645	7830	0.227724941220579	4.91872115769048	2.91710021758999	0.0305056405892864	26260000	180
20221002 185326	binary	custom	TRUE	TRUE	FALSE	-100	-1	31	369	TRUE	309367	0.0170521267567276	0.533945040707837	5712	369	8156	0.336776460384316	1.24547401325653	1.89324447897643	0.0927085831499746	26730000	181
20221002 185457	binary	custom	TRUE	TRUE	FALSE	-100	-1	31	369	TRUE	309367	0.0188420839733436	0.882715413178677	7376	558	8658	0.204095561223759	3.16310095003438	1.78940590854794	0.0537413662928891	26690000	182
20221002 185612	binary	custom	TRUE	TRUE	FALSE	-100	-1	31	278	TRUE	309367	0.0268090528171509	0.874194389275608	4970	628	7855	0.300048392915724	4.98788943704404	1.39477395627297	0.0646227960543289	26690000	183
20221002 185711	binary	custom	TRUE	TRUE	FALSE	-100	-1	31	233	TRUE	309367	0.0376831217000351	0.640082800578758	6626	437	8868	0.20314497675869	1.20183349005431	2.67342258893626	0.0437558156260588	26590000	184
20221002 185741	binary	custom	TRUE	TRUE	FALSE	-100	-1	31	45	TRUE	309367	0.120468193725656	0.461419486730103	6925	369	8199	0.368588281943339	1.8248662292565	1.43202334194085	0.02479564989093	26330000	185
20221002 185808	binary	custom	TRUE	TRUE	FALSE	-100	-1	31	59	TRUE	309367	0.0881559197932833	0.76748160491105	4495	798	8316	0.9796714325613	4.85287611883292	2.80545535938933	0.0676296849370817	26330000	186
20221002 185846	binary	custom	TRUE	TRUE	FALSE	-100	-1	31	90	TRUE	309367	0.200834110027109	0.45171596869942	5002	801	8148	0.485638952937117	3.14245274178429	1.10330915710802	0.0229243300180678	26110000	187
20221002 185926	binary	custom	TRUE	TRUE	FALSE	-100	-1	31	115	TRUE	309367	0.0519502007031238	0.952871079216479	5783	881	7887	0.348947357402336	3.76920280004205	2.99850128101724	0.0555852782321308	26230000	188
20221002 190007	binary	custom	TRUE	TRUE	FALSE	-100	-1	31	77	TRUE	309367	0.0642089853450479	0.487933812385794	5537	533	7967	0.306942850236512	1.53906399593225	2.97405267502509	0.0835368885616871	26150000	189
20221002 190051	binary	custom	TRUE	TRUE	FALSE	-100	-1	31	139	TRUE	309367	0.0468425620858259	0.975515537120173	6560	456	8574	0.599459545996826	3.12220370684718	0.561089787114454	0.0447549330941427	27100000	190
20221002 190321	binary	custom	TRUE	TRUE	FALSE	-100	-1	31	687	TRUE	309367	0.0191507560621143	0.216653677863497	5389	598	8198	0.580660829261737	2.74524255662756	0.0714986062097519	0.0942636634414358	26490000	191
20221002 190408	binary	custom	TRUE	TRUE	FALSE	-100	-1	31	163	TRUE	309367	0.046847929803458	0.866859276120327	5172	88	8331	0.531940091355948	2.52678871247674	0.789664563202553	0.071419127586932	27020000	192
20221002 190508	binary	custom	TRUE	TRUE	FALSE	-100	-1	31	175	TRUE	309367	0.0432262484734634	0.327636309772962	5920	749	8193	0.714593511302595	1.1795717476471	1.41777028659032	0.042550402191082	26180000	193
20221002 190705	binary	custom	TRUE	TRUE	FALSE	-100	-1	31	512	TRUE	309367	0.01986352867261	0.832905086414266	5129	298	8319	0.448641891491541	1.20100449505141	2.21814137543887	0.0775347350686821	26970000	194
20221002 190748	binary	custom	TRUE	TRUE	FALSE	-100	-1	31	152	TRUE	309367	0.0601013300445076	0.9054282480195	5542	64	8536	0.644235167071103	3.58665671040209	0.958207866826099	0.0550348121299246	26210000	195
20221002 190844	binary	custom	TRUE	TRUE	FALSE	-100	-1	31	186	TRUE	309367	0.0328485883957419	0.879580412187694	6648	361	8374	0.689478393516677	0.326565849725352	0.517651854517177	0.0520406761265394	26780000	196
20221002 190937	binary	custom	TRUE	TRUE	FALSE	-100	-1	31	144	TRUE	309367	0.040574481134813	0.65552917462067	6142	130	8174	0.423839482408486	1.39396276765157	0.41364938965858	0.0278119122996569	26700000	197
20221002 191028	binary	custom	TRUE	TRUE	FALSE	-100	-1	31	211	TRUE	309367	0.0498692101651791	0.86557858470937	7558	415	8543	0.62425682357618	2.46495181039536	2.85458568419847	0.0650283405870954	26520000	198
20221002 191147	binary	custom	TRUE	TRUE	FALSE	-100	-1	31	222	TRUE	309367	0.0365708236040819	0.526294891308758	6855	155	8128	0.454667311074251	2.29994786408636	1.00967766399169	0.0729199132193281	26950000	199
20221002 191340	binary	custom	TRUE	TRUE	FALSE	-100	-1	31	588	TRUE	309367	0.0264749870553275	0.809488782989838	7045	190	8126	0.223757069600234	0.621515412248758	2.47060031554205	0.0738222693848951	27030000	200
20221002 191932	binary	custom	TRUE	TRUE	FALSE	-100	-1	31	1277	TRUE	309367	0.00544317618727126	0.245018876294018	5785	328	7489	0.250836488582521	1.73681812835828	1.96589998094597	0.0792914291394854	26230000	201
20221002 192046	binary	custom	TRUE	TRUE	FALSE	-100	-1	31	234	TRUE	309367	0.0404836040052886	0.899187468479398	6710	110	8200	0.54701745077475	0.803623897281977	1.58907908237865	0.0909395486014426	27280000	202
20221002 192151	binary	custom	TRUE	TRUE	FALSE	-100	-1	31	248	TRUE	309367	0.0309958964882338	0.783132792477451	6695	98	8175	0.456437641710649	0.972929563994942	1.85539264954355	0.0653108842213428	26850000	203
20221002 192241	binary	custom	TRUE	TRUE	FALSE	-100	-1	31	181	TRUE	309367	0.0470272172756796	0.826588758063909	6977	137	8038	0.5550421281183	0.620547793566092	1.44916108413338	0.0925432807796093	26650000	204
20221002 192333	binary	custom	TRUE	TRUE	FALSE	-100	-1	31	183	TRUE	309367	0.0403892793041816	0.965624198339073	6744	368	8192	0.604163452199607	2.27106056347872	0.321606554156533	0.0710016620138622	27060000	205
20221002 192404	binary	custom	TRUE	TRUE	FALSE	-100	-1	31	83	TRUE	309367	0.0813763912159205	0.890635254397014	6920	531	8546	0.717680594972617	4.56092509748791	0.874807836551642	0.0605306395104768	26510000	206
20221002 192449	binary	custom	TRUE	TRUE	FALSE	-100	-1	31	128	TRUE	309367	0.0418500137537617	0.913999908320167	4847	113	8241	0.52507037851566	2.93219978514594	2.82005853976167	0.0548508167871827	26720000	207
20221002 192659	binary	custom	TRUE	TRUE	FALSE	-100	-1	31	619	TRUE	309367	0.0171964372151128	0.855900421859861	7387	125	8206	0.279813424306991	1.15545921521251	1.25843472493484	0.0985751973316521	27030000	208
20221002 192837	binary	custom	TRUE	TRUE	FALSE	-100	-1	31	297	TRUE	309367	0.0249932312681246	0.401862237945544	4989	450	7844	0.818597076099462	3.76736188888755	1.5187676619329	0.0206774136090441	26640000	209
20221002 192910	binary	custom	TRUE	TRUE	FALSE	-100	-1	31	70	TRUE	309367	0.0837068091087671	0.807783488957622	3963	308	8672	0.701001531808175	2.09464017692416	1.22153116304681	0.0267206865647759	26660000	210
20221002 192934	binary	custom	TRUE	TRUE	FALSE	-100	-1	31	45	TRUE	309367	0.11777103826775	0.722878487687287	3919	624	7929	0.673853126526168	2.67315167647571	2.00197138583094	0.0478761020527575	26470000	211
20221002 193109	binary	custom	TRUE	TRUE	FALSE	-100	-1	31	399	TRUE	309367	0.0214247803654907	0.898416338827083	6795	138	8273	0.468870943342162	0.522786372925198	1.34749185424968	0.0972862423253695	26980000	212
20221002 193531	binary	custom	TRUE	TRUE	FALSE	-100	-1	31	1229	TRUE	309367	0.010924006788309	0.202804692884111	5063	385	7773	0.612804415270502	0.81544486892088	1.37016056604452	0.0921640033203105	26780000	213
20221002 193729	binary	custom	TRUE	TRUE	FALSE	-100	-1	31	521	TRUE	309367	0.0158732888530223	0.686324091513915	7599	130	7804	0.404649575595121	1.19988778662108	2.29118562003586	0.0846854197720175	26480000	214
20221002 193946	binary	custom	TRUE	TRUE	FALSE	-100	-1	31	662	TRUE	309367	0.0175851134017535	0.823965019354698	6141	118	8191	0.626576589548668	2.32362819005276	0.527773575291734	0.0860790330733235	26660000	215
20221002 194045	binary	custom	TRUE	TRUE	FALSE	-100	-1	31	241	TRUE	309367	0.0464158161022903	0.962401108261867	6457	329	8313	0.225361097111549	0.108949069313763	2.18071054758614	0.0757025683219911	26900000	216
20221002 194110	binary	custom	TRUE	TRUE	FALSE	-100	-1	31	51	TRUE	309367	0.118350648467165	0.694980183421152	4302	181	8328	0.604954269174867	4.49887730723954	0.652569820264693	0.0297788942367082	26310000	217
20221002 194213	binary	custom	TRUE	TRUE	FALSE	-100	-1	31	259	TRUE	309367	0.0407191131911552	0.907880058329607	6797	152	8172	0.322403512264278	1.32445068885481	2.24140052444738	0.0945242733236913	26860000	218
20221002 194349	binary	custom	TRUE	TRUE	FALSE	-100	-1	31	378	TRUE	309367	0.0204377080840364	0.739801663463625	7714	348	8238	0.24324845346843	0.787940824557869	2.26338538402099	0.0641798128650812	27050000	219
20221002 194430	binary	custom	TRUE	TRUE	FALSE	-100	-1	31	125	TRUE	309367	0.0538205455972149	0.876216905753207	6152	335	8492	0.443189289639227	4.19514459298245	2.07791416906631	0.0487805611014638	26780000	220
20221002 194546	binary	custom	TRUE	TRUE	FALSE	-100	-1	31	248	TRUE	309367	0.0232999583221189	0.910342189525419	4710	131	8339	0.229321417378444	2.14522007597893	1.62674144065089	0.0867842425707925	26770000	221
20221002 194622	binary	custom	TRUE	TRUE	FALSE	-100	-1	31	90	TRUE	309367	0.0723212244030471	0.867915655319707	3838	137	8413	0.482541585454993	4.32472820822162	0.413165270459362	0.0709386437529117	26780000	222
20221002 194715	binary	custom	TRUE	TRUE	FALSE	-100	-1	31	130	TRUE	309367	0.0807444329426344	0.491672377960385	2485	502	7986	0.478559548549816	1.80923627382953	0.616318191065738	0.0378267558939268	25870000	223
20221002 194827	binary	custom	TRUE	TRUE	FALSE	-100	-1	31	273	TRUE	309367	0.0337584856113873	0.824495842909133	5102	282	8317	0.424418582022056	2.12971412642327	1.9366282311532	0.0449632269257609	27210000	224
20221002 194902	binary	custom	TRUE	TRUE	FALSE	-100	-1	31	68	TRUE	309367	0.0661289992998285	0.235310943859415	3889	566	8470	0.678269525199553	2.83416414058345	0.272984062877128	0.0826290296420355	26020000	225
20221002 194941	binary	custom	TRUE	TRUE	FALSE	-100	-1	31	100	TRUE	309367	0.0678013718254279	0.814196685049013	3855	214	8082	0.485787787596324	4.56657486825927	1.89421449067134	0.0372067494175559	26880000	226
20221002 195023	binary	custom	TRUE	TRUE	FALSE	-100	-1	31	120	TRUE	309367	0.0485237638366572	0.947831993703551	5981	223	8405	0.53678904095003	0.789614321912483	1.50678907174266	0.05583949834787	26630000	227
20221002 195157	binary	custom	TRUE	TRUE	FALSE	-100	-1	31	369	TRUE	309367	0.0192913787949704	0.789380224502275	6656	277	8532	0.273706756681444	1.57456752737402	0.973073748413821	0.0711171352415009	26620000	228
20221002 195320	binary	custom	TRUE	TRUE	FALSE	-100	-1	31	335	TRUE	309367	0.0234571073653145	0.825302986757842	7491	132	8213	0.492994699970808	0.678918854738573	1.95197724112526	0.0806539796933868	26700000	229
20221002 195533	binary	custom	TRUE	TRUE	FALSE	-100	-1	31	294	TRUE	309367	0.0152102787884029	0.425978000730218	2928	346	8010	0.483723683482665	4.0375977981445	0.457786597666227	0.0473276253403856	26460000	230
20221002 195617	binary	custom	TRUE	TRUE	FALSE	-100	-1	31	143	TRUE	309367	0.0819708757776852	0.773033118603007	4758	256	8226	0.85896496615557	2.698520416803	2.0374089938145	0.012218018856933	26750000	231
20221002 195735	binary	custom	TRUE	TRUE	FALSE	-100	-1	31	415	TRUE	309367	0.0608222831824467	0.90908384729466	6345	350	8193	0.543422652443745	3.27914159901506	0.493223009816018	0.0326134165194328	26820000	232
20221002 195855	binary	custom	TRUE	TRUE	FALSE	-100	-1	31	371	TRUE	309367	0.0380386283269367	0.923789697783022	5848	165	8236	0.698461633525358	2.5678237225865	1.9437189891767	0.0326192231617757	26730000	233
20221002 200016	binary	custom	TRUE	TRUE	FALSE	-100	-1	31	290	TRUE	309367	0.0260161645556833	0.737511411369732	4801	285	8205	0.413140339316981	1.79127670653838	1.94440994813556	0.0355803684034882	26790000	234
20221002 200130	binary	custom	TRUE	TRUE	FALSE	-100	-1	31	248	TRUE	309367	0.0379721437212113	0.385112147884782	7776	379	8702	0.220423307520119	4.00242161047683	2.69089541235479	0.0117850274961079	26360000	235
20221002 200421	binary	custom	TRUE	TRUE	FALSE	-100	-1	31	727	TRUE	309367	0.0151299642542169	0.758328844079455	6785	411	8052	0.299017007886638	1.6116187700732	2.76584728886959	0.0501127087489039	26780000	236
20221002 200514	binary	custom	TRUE	TRUE	FALSE	-100	-1	31	85	TRUE	309367	0.0599079537622355	0.561938678301136	3533	135	8804	0.453311706780366	3.47616817490321	0.566434843321419	0.0244067112900624	26560000	237
20221002 201309	binary	custom	TRUE	TRUE	FALSE	-100	-1	31	1814	TRUE	309367	0.0050843831217002	0.59105743411916	5156	364	8269	0.311779763683087	2.81043351376322	1.79877300761254	0.06055119463497	26750000	238
20221002 201416	binary	custom	TRUE	TRUE	FALSE	-100	-1	31	262	TRUE	309367	0.0465872178774267	0.878803560646589	5097	220	8370	0.40343403104858	4.83557121389117	2.21437363938116	0.0100995291936637	26780000	239
20221002 201513	binary	custom	TRUE	TRUE	FALSE	-100	-1	31	207	TRUE	309367	0.0396563364389394	0.95654530677663	6181	622	8282	0.33023786364758	3.10300348515521	0.22097151476745	0.0630864411200223	26640000	240
20221002 201750	binary	custom	TRUE	TRUE	FALSE	-100	-1	31	487	TRUE	309367	0.0161626530767701	0.403014781149067	6449	332	7892	0.511515861232495	2.68538390539348	1.14905317625724	0.0951908266044201	26540000	241
20221002 201826	binary	custom	TRUE	TRUE	FALSE	-100	-1	31	97	TRUE	309367	0.0723504393958425	0.62880682373058	4666	691	7796	0.325656808876621	4.95109504557697	0.302643946865857	0.0451755600850826	26170000	242
20221002 201943	binary	custom	TRUE	TRUE	FALSE	-100	-1	31	275	TRUE	309367	0.0248639867108805	0.667338057276839	5985	437	8224	0.284761802835962	3.49588903643439	1.87167225016491	0.0541896272016876	26280000	243
20221002 202056	binary	custom	TRUE	TRUE	FALSE	-100	-1	31	287	TRUE	309367	0.0279963641855858	0.943109078812995	6731	116	8262	0.568076223506818	1.25192569065979	2.02258602008761	0.0826306234096845	27240000	244
20221002 202134	binary	custom	TRUE	TRUE	FALSE	-100	-1	31	75	TRUE	309367	0.0544338540865096	0.922608710379501	3468	244	7981	0.345551977392734	3.89350593264807	2.2781625300418	0.0695328447384226	26280000	245
20221002 202405	binary	custom	TRUE	TRUE	FALSE	-100	-1	31	748	TRUE	309367	0.016125022939063	0.713796181448176	7248	136	8138	0.260722419999841	0.073587184496181	1.78046612355014	0.0756507378902971	26690000	246
20221002 202631	binary	custom	TRUE	TRUE	FALSE	-100	-1	31	615	TRUE	309367	0.0254907808996996	0.336985877475134	7122	665	8318	0.317981264699933	1.32889750577683	2.69675935829743	0.0108160614950384	26730000	247
20221002 203324	binary	custom	TRUE	TRUE	FALSE	-100	-1	31	1731	TRUE	309367	0.00599907015389991	0.240869808211427	5036	371	8138	0.742951080138306	1.65901423024548	1.12550356336319	0.021332154978264	26370000	248
20221002 203423	binary	custom	TRUE	TRUE	FALSE	-100	-1	31	237	TRUE	309367	0.0458532813609435	0.878206641317097	6509	579	8408	0.499765355611171	2.36571539647048	2.53299232410085	0.0211052009944485	26710000	249
20221002 203543	binary	custom	TRUE	TRUE	FALSE	-100	-1	31	292	TRUE	309367	0.0216460000658716	0.948826822113756	7076	418	8225	0.491990410554312	1.20651676802821	1.81410924895236	0.0695327798729143	27070000	250
20221002 203627	binary	custom	TRUE	TRUE	FALSE	-100	-1	31	126	TRUE	309367	0.0565031036371589	0.923108002739912	5085	330	8582	0.38115104367211	2.46586863658646	1.14167885367892	0.047679888443707	2.7e+07	251
20221002 203718	binary	custom	TRUE	TRUE	FALSE	-100	-1	31	107	TRUE	309367	0.0553515552510392	0.577324971769436	4116	594	9030	0.452620703382971	2.57204102974139	0.872224514123897	0.0277936403776762	26820000	252
20221002 203844	binary	custom	TRUE	TRUE	FALSE	-100	-1	31	324	TRUE	309367	0.0246327594751789	0.768229270816641	7759	531	8325	0.211459573323883	1.88094960995191	2.52479748561133	0.0445235127715642	26790000	253
20221002 203955	binary	custom	TRUE	TRUE	FALSE	-100	-1	31	258	TRUE	309367	0.028476855909787	0.856554881798983	6769	243	8252	0.825110563181248	1.63003476391563	1.56237686018937	0.0931973275001406	27100000	254
20221002 204058	binary	custom	TRUE	TRUE	FALSE	-100	-1	31	210	TRUE	309367	0.0324957279484569	0.860885432760828	5161	417	8341	0.56249429039741	2.25840178771942	1.98958177368683	0.0584407918864494	26840000	255
20221002 204206	binary	custom	TRUE	TRUE	FALSE	-100	-1	31	287	TRUE	309367	0.0360743163044257	0.982385404891558	6519	127	8419	0.518141695506422	1.13511721977477	0.408688894543622	0.0806267834096811	26610000	256
20221002 204256	binary	custom	TRUE	TRUE	FALSE	-100	-1	31	157	TRUE	309367	0.04183268532994	0.941514233256573	6838	147	8198	0.686068116444116	2.35691728114056	1.63622644333703	0.0923727287648243	26890000	257
20221002 204412	binary	custom	TRUE	TRUE	FALSE	-100	-1	31	172	TRUE	309367	0.0311107370566147	0.470820383093945	4149	516	8198	0.488581211366086	3.19437111851883	0.899710865773552	0.0276653753544101	26730000	258
20221002 204511	binary	custom	TRUE	TRUE	FALSE	-100	-1	31	234	TRUE	309367	0.0457840427018629	0.687584275405147	5171	507	8417	0.328659072691002	2.13822167508202	2.58666705547567	0.0493599682758172	26930000	259
20221002 204615	binary	custom	TRUE	TRUE	FALSE	-100	-1	31	233	TRUE	309367	0.0327183121354459	0.918874892443513	6632	327	8312	0.730453865816502	3.1071624730034	0.734663656293851	0.0472024390269074	27060000	260
20221002 204829	binary	custom	TRUE	TRUE	FALSE	-100	-1	31	362	TRUE	309367	0.0182086346053205	0.526391726328881	6027	162	7572	0.509235274338298	2.15670520515302	1.3161302564833	0.0751738209039523	26540000	261
20221002 205035	binary	custom	TRUE	TRUE	FALSE	-100	-1	31	554	TRUE	309367	0.0182402832164452	0.928017974777003	7451	274	8162	0.723686905814847	1.13371129608584	0.0557114713491133	0.0953281999081137	26880000	262
20221002 205123	binary	custom	TRUE	TRUE	FALSE	-100	-1	31	138	TRUE	309367	0.0586983730383388	0.76664119794396	4456	243	8437	0.225655908140581	2.75298548368818	2.23537727550336	0.0624074373124532	26730000	263
20221002 205205	binary	custom	TRUE	TRUE	FALSE	-100	-1	31	104	TRUE	309367	0.0566506350621193	0.93702169774913	6434	390	8815	0.696810752073145	2.85653984491721	0.874286214459698	0.0386801655007189	26530000	264
20221002 205405	binary	custom	TRUE	TRUE	FALSE	-100	-1	31	530	TRUE	309367	0.0187648143691208	0.767205927046884	7445	356	8283	0.595441312105229	2.19107752456112	0.360072770371103	0.0687234794807667	26640000	265
20221002 205449	binary	custom	TRUE	TRUE	FALSE	-100	-1	31	106	TRUE	309367	0.0565169536305861	0.925144280109178	4123	530	8719	0.329447414093849	3.41505605879077	0.331097287990836	0.0268537464724331	26810000	266
20221002 205616	binary	custom	TRUE	TRUE	FALSE	-100	-1	31	337	TRUE	309367	0.0278227189790761	0.782706018894832	5097	615	8808	0.245844557377219	2.38896684870437	2.71141739534639	0.0661372026859967	26550000	267
20221002 205718	binary	custom	TRUE	TRUE	FALSE	-100	-1	31	238	TRUE	309367	0.0561998411461394	0.988344049489506	5139	350	8401	0.232006525451886	2.34256082859494	0.678158444799273	0.0145483003346867	26640000	268
20221002 205750	binary	custom	TRUE	TRUE	FALSE	-100	-1	31	42	TRUE	309367	0.0878923289163636	0.708583861943431	2159	668	7863	0.34165712781042	3.15718817938527	2.37167622342588	0.0417503903397435	26760000	269
20221002 205820	binary	custom	TRUE	TRUE	FALSE	-100	-1	31	43	TRUE	309367	0.136274468246064	0.381003966561868	5867	48	7673	0.736588445180131	1.92314829540417	1.32904102071442	0.0808653024271756	26500000	270
20221002 205852	binary	custom	TRUE	TRUE	FALSE	-100	-1	31	51	TRUE	309367	0.0806973814031947	0.81101949607524	3951	496	9272	0.336697659723789	3.4175452514644	0.585711506631509	0.0420846714691139	26180000	271
20221002 205937	binary	custom	TRUE	TRUE	FALSE	-100	-1	31	50	TRUE	309367	0.086268784244163	0.530941663571302	2291	479	7950	0.636716527441656	1.91600525743733	2.9189620215204	0.0549201621733182	26500000	272
20221002 210042	binary	custom	TRUE	TRUE	FALSE	-100	-1	31	99	TRUE	309367	0.04125584391489	0.938169411406921	2611	227	8455	0.450450294806969	4.92702264264945	0.626551562602359	0.0916995634684127	26370000	273
20221002 210313	binary	custom	TRUE	TRUE	FALSE	-100	-1	31	557	TRUE	309367	0.0215437329380456	0.38040829666041	6070	289	8098	0.555020341702349	1.26698437383703	1.09966670444176	0.0854269717496943	26850000	274
20221002 210518	binary	custom	TRUE	TRUE	FALSE	-100	-1	31	360	TRUE	309367	0.0212112388318754	0.536148222431596	7106	310	8089	0.308757718979451	4.55198098205091	1.78819330458232	0.0129844105548283	26710000	275
20221002 210607	binary	custom	TRUE	TRUE	FALSE	-100	-1	31	122	TRUE	309367	0.084543669851242	0.443467459191139	3987	339	9119	0.68680539522342	2.53869797136946	1.54493396572094	0.00866410519619457	26730000	276
20221002 210650	binary	custom	TRUE	TRUE	FALSE	-100	-1	31	95	TRUE	309367	0.0804405558884019	0.665097475589656	1821	226	7942	0.357352002728153	1.71900938202712	2.84574772817543	0.0852192971466256	26360000	277
20221002 211022	binary	custom	TRUE	TRUE	FALSE	-100	-1	31	886	TRUE	309367	0.0165471022908989	0.274499724858842	5119	663	8391	0.241459552366078	1.71622789941293	2.67442567240682	0.0788311673365139	26580000	278
20221002 211110	binary	custom	TRUE	TRUE	FALSE	-100	-1	31	68	TRUE	309367	0.0882647610116191	0.478928418327702	4094	616	8808	0.366997389279557	2.25106401382218	0.84596777785781	0.0466087017482648	26550000	279
20221002 211956	binary	custom	TRUE	TRUE	FALSE	-100	-1	31	2021	TRUE	309367	0.00664243608041467	0.549116559618816	7036	326	8118	0.230295883007153	1.14995514093968	1.51099467025019	0.00705186283247656	27130000	280
20221002 212222	binary	custom	TRUE	TRUE	FALSE	-100	-1	31	460	TRUE	309367	0.0175305199987904	0.393985586674145	4735	645	9037	0.665895436694929	2.59900497276681	1.33518245208584	0.0530119545738971	26410000	281
20221002 212541	binary	custom	TRUE	TRUE	FALSE	-100	-1	31	687	TRUE	309367	0.0168509717908411	0.474718895020487	6311	401	8220	0.33503093445278	3.07284926613699	1.47606703427448	0.0103089183891518	26840000	282
20221002 212807	binary	custom	TRUE	TRUE	FALSE	-100	-1	31	601	TRUE	309367	0.018545106235119	0.253199455058629	5233	415	7580	0.721063538420621	2.75993165844439	1.12326175328964	0.0500074650865112	26840000	283
20221002 212840	binary	custom	TRUE	TRUE	FALSE	-100	-1	31	53	TRUE	309367	0.0843126871819469	0.626005075505221	2158	74	8521	0.756199496825773	2.5679760397063	1.75908426189684	0.04148664776198	26480000	284
20221002 212911	binary	custom	TRUE	TRUE	FALSE	-100	-1	31	39	TRUE	309367	0.0883961457204416	0.812806693172269	2134	569	7888	0.649662177185419	4.97509096334689	2.32877266273029	0.0258954777788934	25910000	285
20221002 212942	binary	custom	TRUE	TRUE	FALSE	-100	-1	31	57	TRUE	309367	0.0760983401593077	0.648462412374639	2991	807	7901	0.333310308157529	3.58371805993794	2.88670514167471	0.0580656310436921	26280000	286
20221002 213134	binary	custom	TRUE	TRUE	FALSE	-100	-1	31	330	TRUE	309367	0.0232805965209471	0.455149024879056	5925	298	7997	0.856843131555466	2.84290292494785	0.57307243012756	0.0570582519372081	26810000	287
20221002 213230	binary	custom	TRUE	TRUE	FALSE	-100	-1	31	116	TRUE	309367	0.0516245909700406	0.534765695532694	4054	530	8768	0.784366132415563	3.18915138015835	0.475339069015514	0.0426303423106836	26550000	288
20221002 213611	binary	custom	TRUE	TRUE	FALSE	-100	-1	31	837	TRUE	309367	0.0144627573954683	0.57916433789874	6155	548	8158	0.613412807497788	4.25026975742495	0.621772160921105	0.064292927847408	26810000	289
20221002 213653	binary	custom	TRUE	TRUE	FALSE	-100	-1	31	79	TRUE	309367	0.090055662610144	0.518768460364165	3683	577	9522	0.375818726808839	1.35669256038959	2.23122405483478	0.00998772238025751	26400000	290
20221002 213858	binary	custom	TRUE	TRUE	FALSE	-100	-1	31	447	TRUE	309367	0.024784828522493	0.253869155382087	5709	317	7703	0.641027008367327	0.933734064061141	2.3728290028665	0.0464003592805675	26600000	291
20221002 213939	binary	custom	TRUE	TRUE	FALSE	-100	-1	31	64	TRUE	309367	0.0933324181300165	0.575861772975751	2567	244	9130	0.48066475397608	1.85143539650639	2.03702434639294	0.0387602987632688	26700000	292
20221002 214014	binary	custom	TRUE	TRUE	FALSE	-100	-1	31	39	TRUE	309367	0.0651434663261626	0.84114105819404	2525	93	8831	0.422908876219265	2.45740651092363	1.27457081558425	0.00710942833556786	25940000	293
20221002 214110	binary	custom	TRUE	TRUE	FALSE	-100	-1	31	253	TRUE	309367	0.119024105954687	0.681175532318663	5154	69	7362	0.59237425167367	3.15909459440876	1.83131936074853	0.0250084724015135	26240000	294
20221002 214151	binary	custom	TRUE	TRUE	FALSE	-100	-1	31	92	TRUE	309367	0.100784439546621	0.42431128123326	3352	167	9053	0.54738882887376	3.77557425420647	2.57050393193108	0.0482322873672963	26220000	295
20221002 214236	binary	custom	TRUE	TRUE	FALSE	-100	-1	31	88	TRUE	309367	0.108724301361259	0.575609164736676	3808	154	9211	0.467486798347422	1.70341286515475	0.864335469093823	0.0461290449185855	26700000	296
20221002 214410	binary	custom	TRUE	TRUE	FALSE	-100	-1	31	263	TRUE	309367	0.0214328278885021	0.231508996418528	4780	715	8396	0.650792193513252	2.31662412787241	2.3870383555263	0.000805092308821478	26330000	297
20221002 214440	binary	custom	TRUE	TRUE	FALSE	-100	-1	31	46	TRUE	309367	0.124540103008951	0.616331680654888	4035	538	9088	0.71324884746149	2.0294195207832	2.76091822124677	0.0162146954522206	26550000	298
20221002 214520	binary	custom	TRUE	TRUE	FALSE	-100	-1	31	51	TRUE	309367	0.119507233120842	0.537080912282629	2867	264	9546	0.685561875666666	1.41542674242708	1.37445461598355	0.0301492827966196	25390000	299
20221002 214618	binary	custom	TRUE	TRUE	FALSE	-100	-1	31	194	TRUE	309367	0.0893624721838095	0.463986148341035	6624	325	8515	0.209206472473032	2.96449613870768	2.54588778590706	0.00296098943676943	26490000	300
20221002 214702	binary	custom	TRUE	TRUE	FALSE	-100	-1	31	70	TRUE	309367	0.0713055048734281	0.469712843615215	2215	580	7918	0.28079180744208	4.69631432556493	2.62560146705422	0.0707065180983858	25770000	301
20221002 214744	binary	custom	TRUE	TRUE	FALSE	-100	-1	31	72	TRUE	309367	0.0793673202857744	0.582500442532897	2030	633	9034	0.458020589949659	1.92937953669233	2.31200640807259	0.0304177827517813	26260000	302
20221002 214909	binary	custom	TRUE	TRUE	FALSE	-100	-1	31	327	TRUE	309367	0.0576061702357409	0.596765922249458	4077	163	9091	0.394075668861429	1.22057441072916	1.5770309845039	0.0122202474733439	26380000	303
20221002 214956	binary	custom	TRUE	TRUE	FALSE	-100	-1	31	134	TRUE	309367	0.0681674447167377	0.297176513002489	5798	363	7481	0.835698797713076	1.13329024554561	0.0353422898756581	0.0816122918075269	26560000	304
20221002 215025	binary	custom	TRUE	TRUE	FALSE	-100	-1	31	91	TRUE	309367	0.176134451602319	0.75983551907763	6027	610	7875	0.828770779841209	4.96978887558089	1.61836277350886	0.0491014654301107	26330000	305
20221002 215108	binary	custom	TRUE	TRUE	FALSE	-100	-1	31	121	TRUE	309367	0.146279839000276	0.435385802766532	4307	267	9153	0.329025387845622	2.78260490307203	0.734294245233506	0.0146044179637224	26180000	306
20221002 215200	binary	custom	TRUE	TRUE	FALSE	-100	-1	31	139	TRUE	309367	0.0400988040873924	0.966995719618815	3730	212	8589	0.805434104885702	2.98575557070502	0.0409532365004724	0.0536263196694822	26590000	307
20221002 215302	binary	custom	TRUE	TRUE	FALSE	-100	-1	31	190	TRUE	309367	0.0269914036409109	0.660823185139153	7779	378	8656	0.261333943091922	2.18457205573686	1.16723212613361	0.0167861106207376	26050000	308
20221002 215445	binary	custom	TRUE	TRUE	FALSE	-100	-1	31	319	TRUE	309367	0.0348636016794696	0.463226444188625	7074	705	8064	0.303106131065088	3.84895761035161	2.6619958163797	0.0356483723068071	26600000	309
20221002 215604	binary	custom	TRUE	TRUE	FALSE	-100	-1	31	233	TRUE	309367	0.0588100733246693	0.501790219912011	6879	623	8735	0.354863528556996	4.41433812965257	2.8030499791694	0.036759000958922	26930000	310
20221002 220256	binary	custom	TRUE	TRUE	FALSE	-100	-1	31	1915	TRUE	309367	0.00533946821883337	0.894077602475531	7431	317	8124	0.344908614198222	1.15320867689513	1.48407948608828	0.0811628152294188	26880000	311
20221002 220410	binary	custom	TRUE	TRUE	FALSE	-100	-1	31	182	TRUE	309367	0.03829419425668	0.498049033907661	6969	624	8288	0.293516731837609	2.05202085587691	2.73194182900894	0.0389968004329347	26390000	312
20221002 220617	binary	custom	TRUE	TRUE	FALSE	-100	-1	31	331	TRUE	309367	0.0216129724089828	0.507118865910107	7044	290	8140	0.330419436243653	1.15148527561112	0.153110527424494	0.028709702456304	26520000	313
20221002 220701	binary	custom	TRUE	TRUE	FALSE	-100	-1	31	99	TRUE	309367	0.0736994075530414	0.435691652673851	6246	574	8153	0.82714813908535	4.89480254756474	2.52472552921392	0.010645342478498	26580000	314
20221002 220744	binary	custom	TRUE	TRUE	FALSE	-100	-1	31	106	TRUE	309367	0.0536639046290346	0.860506127089324	5925	354	7710	0.853357157746927	4.05816090273158	1.39432269113158	0.0741277780690909	26420000	315
20221002 220819	binary	custom	TRUE	TRUE	FALSE	-100	-1	31	91	TRUE	309367	0.0885752681614689	0.958134804418007	7641	727	8747	0.409647795489254	3.75061798766813	2.51248896611973	0.0591450524877665	26910000	316
20221002 220925	binary	custom	TRUE	TRUE	FALSE	-100	-1	31	192	TRUE	309367	0.0718274724617135	0.484507309806628	7421	704	8494	0.584173729033716	4.49595146160583	2.28343169749148	0.00501892422711648	26460000	317
20221002 221017	binary	custom	TRUE	TRUE	FALSE	-100	-1	31	58	TRUE	309367	0.100394874699621	0.881867145665532	2093	663	8034	0.306983966101675	1.67935929270036	2.87267249320089	0.0240258053322284	26500000	318
20221002 221325	binary	custom	TRUE	TRUE	FALSE	-100	-1	31	686	TRUE	309367	0.0135052217012771	0.317720398743883	5689	388	7558	0.781304540539699	1.00436540987954	1.36653165629863	0.0946020520819328	26890000	319
20221002 221400	binary	custom	TRUE	TRUE	FALSE	-100	-1	31	39	TRUE	309367	0.0921959482159568	0.612703392052029	2257	497	7428	0.319925723726547	1.8731819981173	2.26331504479551	0.0301802374419	25870000	320
20221002 221441	binary	custom	TRUE	TRUE	FALSE	-100	-1	31	67	TRUE	309367	0.0858562297079541	0.459453008075362	3782	531	9110	0.447088918195793	2.03356000981697	1.9665594176561	0.0419502040908145	26260000	321
20221002 221750	binary	custom	TRUE	TRUE	FALSE	-100	-1	31	792	TRUE	309367	0.0106422728625905	0.843925868834333	7232	367	8194	0.275117946324865	0.915256580157638	2.46363381101704	0.0118787544817965	26900000	322
20221002 221840	binary	custom	TRUE	TRUE	FALSE	-100	-1	31	126	TRUE	309367	0.0513906953924863	0.972639203166674	6533	272	8286	0.849894548902679	0.769140860567617	1.71083347871728	0.0877359861623593	27030000	323
20221002 221952	binary	custom	TRUE	TRUE	FALSE	-100	-1	31	212	TRUE	309367	0.0305411993579426	0.946513162644281	4939	200	8268	0.481948610035676	2.65465697314102	0.332803567838156	0.0499426896549162	26830000	324
20221002 222134	binary	custom	TRUE	TRUE	FALSE	-100	-1	31	346	TRUE	309367	0.0426275631008632	0.439630537038375	6046	659	8132	0.487929306925286	4.54144493793324	0.646084031114927	0.0523735943584637	26780000	325
20221002 222218	binary	custom	TRUE	TRUE	FALSE	-100	-1	31	125	TRUE	309367	0.0558937109544131	0.929914360215183	6399	515	8460	0.574987611700268	3.40628858089894	2.01819739516537	0.06509806309682	26440000	326
20221002 222510	binary	custom	TRUE	TRUE	FALSE	-100	-1	31	502	TRUE	309367	0.012386590864635	0.364087412384916	6940	254	8208	0.593664781913622	1.21205363853324	1.6407248171915	0.0888998543025473	26630000	327
20221002 222727	binary	custom	TRUE	TRUE	FALSE	-100	-1	31	487	TRUE	309367	0.0193201520458891	0.241876266561205	5589	214	7793	0.663091233046416	1.31232468715009	1.63186786062302	0.0839564655817546	26900000	328
20221002 222943	binary	custom	TRUE	TRUE	FALSE	-100	-1	31	551	TRUE	309367	0.0221944972652004	0.274955605320111	6164	612	8052	0.324685168551647	4.28873711103646	2.89709513872987	0.0304681026359055	26620000	329
20221002 223019	binary	custom	TRUE	TRUE	FALSE	-100	-1	31	56	TRUE	309367	0.108222066283094	0.603130845820028	2533	268	8709	0.837736895124611	1.86083588140611	2.76573426649452	0.0150822490590947	26190000	330
20221002 223157	binary	custom	TRUE	TRUE	FALSE	-100	-1	31	386	TRUE	309367	0.0215496315703082	0.638810174803431	7707	659	8708	0.439412127507652	0.691137256173156	2.39990818914424	0.0569292991517444	26910000	331
20221002 223235	binary	custom	TRUE	TRUE	FALSE	-100	-1	31	118	TRUE	309367	0.0797369124855331	0.638328344695049	7577	715	8805	0.481817047965722	1.32605707434517	2.44256450824919	0.0229989414934421	26630000	332
20221002 223352	binary	custom	TRUE	TRUE	FALSE	-100	-1	31	205	TRUE	309367	0.0429741957299314	0.424043547545841	6718	317	8085	0.489113519415182	1.97956545020481	0.974667808251586	0.00270034890216409	26630000	333
20221002 223722	binary	custom	TRUE	TRUE	FALSE	-100	-1	31	760	TRUE	309367	0.0182075367104933	0.506168448442522	7130	577	7960	0.449105124454307	0.582059328492894	2.39028184051888	0.0236235092810525	26800000	334
20221002 224016	binary	custom	TRUE	TRUE	FALSE	-100	-1	31	695	TRUE	309367	0.0172831352040835	0.249580333901693	6199	631	8123	0.616101629205964	0.439156615309889	2.78331616879656	0.0484054943957925	26960000	335
20221002 224059	binary	custom	TRUE	TRUE	FALSE	-100	-1	31	81	TRUE	309367	0.0606711953636285	0.233066677860181	2303	252	8263	0.475835678344746	1.95653566614757	2.26394876892864	0.050217668596833	26200000	336
