Feature	Gain	Cover	Frequency
ctrx_quarter	0.0397278193426913	0.00246654300293603	0.00208060975736623
ctrx_quarter_lag1	0.033377019163095	0.00167021742142588	0.00194797088533413
ctrx_quarter_normalizado_lag1	0.025880907601944	0.00152073994467366	0.00151451051921617
ctrx_quarter_normalizado	0.0254551140797701	0.0025509706865782	0.00161680716562
mcaja_ahorro	0.0184449269900103	0.00513743940306075	0.00300821494085867
mpasivos_margen	0.0151189009896749	0.00592736062742311	0.00324921890442026
mpayroll_sobre_edad	0.0115545979806091	0.00410113752044702	0.000462935671013985
ctrx_quarter_normalizado_avg6	0.0112908125050302	0.00187636849318592	0.002094480489082
mprestamos_personales	0.0108356990603097	0.0175204680552491	0.00151190975701946
mcomisiones_mantenimiento_tend6	0.0102974514162468	0.00695844182706246	0.00412740960617525
mcaja_ahorro_avg6	0.0088413787876036	0.00419390905178987	0.00382832195355386
cpayroll_trx	0.00881236810122356	0.00312424470392891	0.000267878506260902
mcuentas_saldo_lag1	0.00743902401046233	0.00270819896901972	0.00406065670979308
mcuentas_saldo	0.00697944736221126	0.0144305284327825	0.0039982384170721
cliente_edad	0.00693142211804564	0.00361409149023636	0.0108373760736813
mcomisiones_avg6	0.00675613278468761	0.0032426902588092	0.0049249766798323
mrentabilidad_annual_avg6	0.0064380668146065	0.00353294857727681	0.00782829421209042
mtarjeta_visa_consumo	0.0063088866334403	0.00178682586783677	0.000776760976083391
cpayroll_trx_avg6	0.00591850158685809	0.00328139375344563	0.000877323781022758
mpayroll	0.00591056394635461	0.00362417678269079	0.000479407164926468
numero_de_cliente	0.00584640371008885	0.00405058625719013	0.0115309126594701
mrentabilidad_annual_lag1	0.00555744529694237	0.00294152401295821	0.00630598140628414
azar	0.00521734885032562	0.00508899785335004	0.012030259001238
ccomisiones_mantenimiento_tend6	0.00493753341173884	0.0110225219260141	0.00218117256230559
cliente_edad_lag1	0.00493342992464192	0.00343469215584259	0.00945983903015844
mcuenta_corriente_tend6	0.00468842012273287	0.00536199033165529	0.00604850594881007
vm_msaldototal_lag1	0.00468388731134933	0.000446173671180967	0.000569566921079004
mpasivos_margen_lag1	0.00463700599830922	0.00185340000018402	0.00329169802029982
mcuenta_corriente	0.00459694099134363	0.00266629482934988	0.0055378896375231
mactivos_margen	0.00431546403259676	0.00359036842229253	0.00441175960634863
cliente_edad_avg6	0.00430926764217045	0.00350280537862596	0.00943209756672689
mrentabilidad_annual_tend6	0.00428668407082712	0.00391103217483308	0.00958727637779712
ctrx_quarter_normalizado_tend6	0.00428284540277026	0.00229248206900491	0.00515037607021364
mcomisiones_otras_avg6	0.00427056236939218	0.00312338504495121	0.00412914344763972
mprestamos_personales_lag1	0.00416700469473365	0.00273042077385929	0.00108625167749162
mactivos_margen_delta1	0.00406439950220497	0.00259523231612035	0.00549541052164354
mcaja_ahorro_lag1	0.00403091007041356	0.00211535449226804	0.00303162180062904
ctrx_quarter_normalizado_delta1	0.00402549314306896	0.00189971993315341	0.00338099085572012
mcuenta_corriente_lag1	0.00399884331730968	0.00289167890857953	0.00521192744220239
vm_Fvencimiento	0.00396364664800233	0.00181403211739103	0.00469264192359307
cliente_antiguedad	0.00383485926188877	0.00258956544589201	0.00726219497394036
mcuenta_corriente_avg6	0.00383332939898557	0.00579268984913482	0.00660940366256671
mrentabilidad_avg6	0.00378015972558158	0.00218801663426977	0.00469437576505755
cliente_antiguedad_avg6	0.00374781879867301	0.00222372804537808	0.00563065015587235
Master_fechaalta_avg6	0.00366039084054692	0.00192237930820996	0.00429385838676455
vm_status01	0.00358993213945766	0.00504117921317719	0.000241003963561588
mrentabilidad_annual_delta1	0.00356761219885769	0.00297864942141489	0.00834497896850304
cliente_antiguedad_lag1	0.00343982520242358	0.0026433228311126	0.00774506982179577
Visa_Fvencimiento	0.00343473344158787	0.00181171639824037	0.00538791235084629
ctrx_quarter_tend6	0.00339500248813231	0.00281563027104335	0.00560117485097633
mrentabilidad_lag1	0.00338136008684341	0.00157586517497675	0.00455480152716756
mtransferencias_recibidas_avg6	0.00335555863000849	0.00166654670972245	0.00316599451412561
mcomisiones	0.00327055720838224	0.00152195078442129	0.00333764481910832
mrentabilidad_tend6	0.00323069334628793	0.0023516137103251	0.00595054390606741
cprestamos_personales	0.00319942449568627	0.0019931548302925	0.000849582317591209
Master_Fvencimiento_avg6	0.00316944082696139	0.00232595363470344	0.00557863491193819
chomebanking_transacciones_avg6	0.00315778628265954	0.00201969712984462	0.00454526539911297
mprestamos_personales_avg6	0.00315160407653579	0.00277975608556694	0.00150150670823263
mpasivos_margen_avg6	0.00314916417023709	0.00243251629558371	0.00359512027658239
Visa_mfinanciacion_limite_tend6	0.00314417538893353	0.00197006986123985	0.00382312042916044
ctrx_quarter_avg6	0.00314231810919252	0.0018624611797007	0.00259122606865319
ctarjeta_visa_transacciones	0.00314134534214398	0.00264745988517345	0.000937141311547037
vm_Fvencimiento_lag1	0.00310357808747588	0.002579389747575	0.00476633018583313
Master_fechaalta	0.00309023496578436	0.00158119912086944	0.00433026905751846
mcaja_ahorro_tend6	0.00306875308063469	0.00224862733887014	0.00426091539893958
Visa_Fvencimiento_lag1	0.00305811530557059	0.00135653748525738	0.00459121219792147
mcuentas_saldo_delta1	0.00305673609083506	0.00484189606594434	0.00390287713652614
ctransferencias_recibidas_avg6	0.00305183362205685	0.00331462082897619	0.00355090731923836
vmr_msaldopesos	0.0029849607898331	0.000714888301804155	0.000872989177361579
Master_Fvencimiento	0.00295834479387685	0.00220808403381203	0.00514950914948141
mactivos_margen_avg6	0.00293470726334431	0.0045291464776671	0.00529341799103257
chomebanking_transacciones_tend6	0.00291156566630727	0.00210835482931103	0.00475159253338512
Master_fechaalta_lag1	0.00290689422470374	0.00194805632580263	0.0040441852158806
mrentabilidad_annual	0.00289962012345071	0.0051948807176432	0.00687121372370196
Visa_fechaalta	0.00284955729353171	0.00183077706497031	0.00396529542924713
ccomisiones_otras_tend6	0.00283264957644889	0.00216417562976045	0.00545206448503175
thomebanking_tend6	0.0027795150339904	0.00299000988929138	0.00424791158795604
ccomisiones_otras_avg6	0.00277578801172783	0.00263414247359291	0.00368354619127046
ctrx_quarter_delta1	0.00274736138528919	0.00167766049665885	0.00387080106943342
mcuentas_saldo_avg6	0.00269685053115674	0.00240092521564245	0.00385953109991435
mactivos_margen_lag1	0.0026691962908632	0.00210654963308876	0.00426958460626194
Visa_mfinanciacion_limite_delta1	0.0026462349429223	0.00082502922380462	0.00346594908747924
mpasivos_margen_tend6	0.00263371485975737	0.00225715681799464	0.0048235469541607
mrentabilidad	0.00262674921208849	0.00186828395987785	0.00509055853968937
Master_Fvencimiento_lag1	0.00260016259037933	0.00226649410782347	0.00494058125301255
vm_msaldopesos	0.00256751277045115	0.000821151265059167	0.000723878811416999
mcomisiones_tend6	0.00253789275518434	0.00355000673224271	0.00484868765539554
Visa_mlimitecompra_tend6	0.00253547453627362	0.00144380039314428	0.00328042805078075
vm_fechaalta	0.00252588002898753	0.00121526729807737	0.00339226082523918
vmr_mpagominimo_avg6	0.00251621920150376	0.00108126835657083	0.00147809984846226
mcuentas_saldo_tend6	0.00248760797328064	0.00377754455953804	0.00522233049098923
vm_status06_delta1	0.00245430930889683	0.00676730747578638	0.000255741616009599
cmobile_app_trx_avg6	0.00239381726072555	0.0025925332848754	0.00383439039867951
Visa_msaldototal	0.00238080698305427	0.0008671402453878	0.00107238094577584
Visa_Fvencimiento_avg6	0.00237966157866717	0.00232686375446551	0.00537837622279169
chomebanking_transacciones_lag1	0.00237375016051334	0.00175561569014046	0.00279928704438981
mcuenta_corriente_delta1	0.00236125816119251	0.00217584660307128	0.00482007927123176
mactivos_margen_tend6	0.00233955657606639	0.00297840127996007	0.00636493201607618
mcomisiones_otras	0.00232005283232845	0.00140093676831406	0.00313478536776511
thomebanking_avg6	0.00229836527608241	0.000941337607461571	0.00322754588611436
mcomisiones_delta1	0.00224094459621394	0.00183703683115855	0.00397829924023067
ctarjeta_debito_avg6	0.00223423953958709	0.001450554543573	0.00324748506295578
vmr_mpagominimo_tend6	0.002202997753509	0.00151514055022644	0.00178152210474483
cliente_edad_tend6	0.00219675902009657	0.000811393931190272	0.00378584283767429
cproductos_avg6	0.00212165721540346	0.00256938310383949	0.00341306692281285
vm_mpagominimo	0.00212085043980971	0.000907994494034681	0.000884259146880646
vm_msaldototal	0.00209360665916803	0.000999228906636317	0.000759422561438672
Master_mfinanciacion_limite_delta1	0.00208238386451377	0.000901985498227804	0.0034772190569983
vm_Fvencimiento_avg6	0.00208060706126187	0.00254857033059817	0.0051685814055906
ccallcenter_transacciones_avg6	0.00207638278421248	0.00427190229168054	0.00201819146464524
mprestamos_personales_tend6	0.00205600760854762	0.00565680195088549	0.00189595564139997
mcaja_ahorro_dolares_tend6	0.00205473873911715	0.00211074883205192	0.00285737073344962
cpayroll_trx_lag1	0.00204767024166532	0.000993133302305184	0.000201125609878735
mcaja_ahorro_delta1	0.0020445144816411	0.00222977202051305	0.00297180427010476
Master_mfinanciacion_limite	0.00204146570419808	0.000947019228888818	0.00350669436189433
cmobile_app_trx_tend6	0.00203589916428867	0.00248542672830487	0.00328302881297746
tcallcenter_tend6	0.00202664284057974	0.00361644576697625	0.00176851829376129
cproductos	0.00201075140561273	0.00167277631628124	0.00194190244020848
mpayroll_lag1	0.00200447635963991	0.000751736942717049	0.000251407012348419
chomebanking_transacciones	0.00200162768229693	0.00337600721295653	0.00331337103860571
Visa_fechaalta_lag1	0.00198887251501562	0.00133633652164189	0.00348328750212396
chomebanking_transacciones_delta1	0.00198193501354139	0.0019204774259117	0.00349455747164302
ccomisiones_mantenimiento_avg6	0.00196651623819518	0.00445628548658312	0.00209968201347542
Visa_cconsumos_avg6	0.00195071034549711	0.00130575589882553	0.00210921814153001
vm_mlimitecompra_tend6	0.00195007458100951	0.000936867336962119	0.00263110442233604
mcaja_ahorro_dolares_lag1	0.00193523840095945	0.00202181860053448	0.00259209298938542
ccallcenter_transacciones_tend6	0.00192445854250985	0.0024587630599776	0.00241003963561588
Visa_cconsumos_tend6	0.00192408408637154	0.00208364781258488	0.00236409283680737
ctarjeta_debito_transacciones_avg6	0.00192177921561985	0.00148816915144283	0.0019063586901868
ccajas_consultas	0.00190364072032542	0.00207528402885796	0.000432593445385728
Master_mfinanciacion_limite_tend6	0.0018813396066068	0.00255952762337987	0.00389334100847155
Visa_mconsumospesos_avg6	0.00187307791461053	0.00106098407058925	0.00194537012313742
mpasivos_margen_delta1	0.00186995379751763	0.00239859591370467	0.00382745503282162
vmr_Visa_mlimitecompra_avg6	0.00186682692416041	0.00094073127476604	0.00183613811087569
ccajas_consultas_tend6	0.00186475627614399	0.00680266814427917	0.00165581859857062
Master_mlimitecompra_tend6	0.00184899772945252	0.00104070840164465	0.00275767484924249
mcomisiones_mantenimiento	0.00183522416085991	0.00309475442839389	0.00230080762335415
vmr_mpagospesos_tend6	0.00183163932480815	0.00167092745066816	0.00186214573284277
mcomisiones_lag1	0.00180921224515614	0.00129049877761488	0.00344861067283452
ctransferencias_recibidas_tend6	0.00179963416252249	0.00242101211305652	0.00397136387437278
mttarjeta_visa_debitos_automaticos_avg6	0.00178854924357775	0.00205172913918678	0.00144689070210176
mcaja_ahorro_dolares_avg6	0.00177751522319588	0.0027484384870113	0.00310357622140462
cdescubierto_preacordado_avg6	0.00177195794378759	0.00476546170646455	0.000848715396858973
Visa_mlimitecompra	0.00174472465688019	0.000734897499833903	0.0024516518307632
mv_status07_avg6	0.0017435936699091	0.00119805871009295	0.00100822881159038
mcomisiones_mantenimiento_delta1	0.00174212984981732	0.00230454796550223	0.00260856448329791
mcaja_ahorro_dolares	0.00173645379904402	0.001773822174823	0.00246205487955003
mtransferencias_emitidas_tend6	0.00172078410507352	0.00173119267050608	0.00213956036715827
Visa_msaldopesos	0.00171240411484884	0.00119145857094387	0.00113740000069354
ctarjeta_visa_transacciones_tend6	0.00170545490640266	0.00162017690017459	0.00191502789750916
Master_mlimitecompra_delta1	0.00169715535324506	0.000949655019845401	0.00267531737968007
Visa_mconsumospesos_tend6	0.00169100727286911	0.00153223010625931	0.00238316509291656
ctransferencias_emitidas_avg6	0.00168886525256634	0.00121569128550725	0.00161247256195882
mpayroll_sobre_edad_lag1	0.00166060755145416	0.000964493849633669	0.00024273780502606
Visa_mpagospesos_delta1	0.00165751453950773	0.00126317240072301	0.00218897484889572
ctransferencias_emitidas_tend6	0.00165716538934994	0.00165157066457408	0.00212568963544249
mcomisiones_otras_tend6	0.00164268124458431	0.00321505863433605	0.00401731067318129
mtransferencias_emitidas_avg6	0.00163882214123361	0.00139280308868489	0.0019063586901868
cprestamos_personales_tend6	0.00161755012669338	0.00158543037813121	0.00115300457387378
Visa_msaldototal_tend6	0.00160346193270801	0.00107703359407368	0.00184914192185923
mautoservicio_tend6	0.00160026797062837	0.00158744041154618	0.00207454131224057
ccuenta_debitos_automaticos_tend6	0.00159849517597211	0.00405104244897009	0.00146422911674648
ccomisiones_mantenimiento	0.00159774024325042	0.00305650289004467	0.000524487043002736
Visa_fultimo_cierre_avg6	0.00158971874627575	0.00111357917817741	0.00186214573284277
Visa_mpagado_tend6	0.00158327012365601	0.00143856656553722	0.00155785655582796
mextraccion_autoservicio_tend6	0.00158095020557502	0.0011565494936096	0.00154658658630889
Visa_mpagospesos_tend6	0.00157724021743393	0.00291013200117642	0.00262676981867486
Master_mfinanciacion_limite_lag1	0.00155621002239835	0.000796130967920655	0.00242564420879612
mcaja_ahorro_dolares_delta1	0.00154914460244312	0.00320457746936056	0.00237969740998762
cproductos_tend6	0.00154026975955997	0.0043218605859518	0.00177545365961918
Visa_mfinanciacion_limite_avg6	0.00153965654162913	0.0010083036689401	0.00277588018461944
Visa_mpagominimo_avg6	0.00153287000591518	0.000891188058784725	0.00160900487902988
ctarjeta_debito_transacciones_tend6	0.00152532203326187	0.00100168096483824	0.00199651844633934
vmr_Master_mlimitecompra	0.00151941118397346	0.00117813130088881	0.00257822225766965
mttarjeta_visa_debitos_automaticos_tend6	0.00151603237208674	0.00273761322476237	0.00196964390364003
mttarjeta_visa_debitos_automaticos_delta1	0.00151419126887192	0.00206652970348878	0.00150410747042933
mtransferencias_recibidas	0.00149654279743024	0.00221083389097003	0.00200345381219723
vmr_Visa_mlimitecompra	0.00149560645428363	0.000841057058645115	0.00213175808056815
mrentabilidad_delta1	0.00149383495139853	0.00244864680461063	0.00527868033858456
Visa_fechaalta_avg6	0.00149120397399173	0.00158685664380343	0.00298654192255277
vmr_mpagado_avg6	0.00147508316811546	0.00167824886502304	0.00132985640324991
mcomisiones_otras_lag1	0.00146794433000417	0.00131212586085112	0.00265451128210641
mcomisiones_mantenimiento_avg6	0.00146396188414391	0.00215229602191859	0.00341133308134837
Visa_mpagospesos_avg6	0.00146255514685283	0.000984299597959725	0.00166535472662522
vm_mfinanciacion_limite	0.00145597185752924	0.000461440431788916	0.00170089847664689
vm_fechaalta_lag1	0.00145226324539519	0.000978339675448211	0.0030090818615909
cdescubierto_preacordado_lag1	0.0014436786930231	0.000492955345886331	0.000552228506434286
mtransferencias_recibidas_tend6	0.00143216235345808	0.00230416355802189	0.00375116600838486
Visa_mpagospesos_lag1	0.0014291570610059	0.00122344026555313	0.00162894405587131
ccallcenter_transacciones	0.00141803535029216	0.00366555097458615	0.000779361738280099
Visa_cconsumos	0.00140980695458697	0.000810807169392296	0.00114260152508695
ctarjeta_debito_lag1	0.00140641100384184	0.00101627676497328	0.00155959039729243
ccomisiones_otras	0.00138579369550935	0.00206697881177223	0.00186648033650395
mcuenta_debitos_automaticos	0.00138470252913029	0.00174324330462434	0.00107498170797255
mcuenta_debitos_automaticos_lag1	0.00137944631006772	0.0013674358462692	0.00106544557991795
mprestamos_personales_delta1	0.00137362302359105	0.00462489242030968	0.00141914923867021
ctarjeta_visa_debitos_automaticos_tend6	0.00136597563566222	0.00129941040042188	0.00142695152526034
mcomisiones_mantenimiento_lag1	0.00136098798638855	0.00199522050931917	0.00183093658648228
vmr_msaldopesos2	0.00135960520642467	0.00204125440047615	0.00187688338529078
ccomisiones_otras_lag1	0.00135008261634213	0.00111493212600953	0.00180666280597967
vm_mfinanciacion_limite_tend6	0.00134804388253686	0.000996985117836739	0.00322841280684659
vm_mfinanciacion_limite_avg6	0.00133944586831153	0.000503353261521479	0.0015708603668115
mttarjeta_visa_debitos_automaticos_lag1	0.00133724454107054	0.000828070526679581	0.00094927820179834
mcuenta_debitos_automaticos_tend6	0.00133042573505507	0.00182332464244299	0.00164628247051603
mautoservicio_avg6	0.00130785140133914	0.003120850832795	0.00193236631215388
matm_avg6	0.00130396412919516	0.000923887815467351	0.00123362820197172
vmr_msaldototal_tend6	0.00129384941249782	0.00148301433768336	0.00155092118997007
Visa_msaldototal_avg6	0.00129326837820904	0.000579570880613421	0.0010593771347923
vm_fechaalta_avg6	0.00129170220032292	0.00131087105960973	0.00312178155678157
Visa_mpagominimo_delta1	0.0012898409038507	0.00108758778478632	0.00168356006200217
vmr_msaldopesos2_tend6	0.00127920613585109	0.00138025047564949	0.00230427530628309
mautoservicio	0.0012779997009464	0.00219743841487648	0.00104984100673771
Master_mfinanciacion_limite_avg6	0.0012770889925652	0.000826095399566966	0.0024395149405119
cproductos_delta1	0.00127334556783498	0.00443834065311678	0.000514083994215905
Visa_mfinanciacion_limite	0.00126101918912855	0.00112531492531709	0.00321800975805976
Master_mlimitecompra_avg6	0.00125900227609816	0.000648673821212344	0.00184307347673358
vmr_Master_mlimitecompra_lag1	0.0012579466115458	0.00100082685581657	0.00202079222684195
cextraccion_autoservicio_avg6	0.00125717987011036	0.00088519797664377	0.00127697423858352
Visa_mfinanciacion_limite_lag1	0.00125615221859015	0.000913227299281422	0.00263457210526498
ccajas_consultas_avg6	0.00124993406743436	0.00116304732370094	0.00105764329332783
vmr_msaldopesos2_avg6	0.00124913694530603	0.000804101362001563	0.00181966661696321
vm_mfinanciacion_limite_delta1	0.00124794801219862	0.000542400707379869	0.00228173536724496
cprestamos_personales_lag1	0.00124481321958716	0.00208687730278447	0.000790631707799166
vmr_Visa_mlimitecompra_lag1	0.00124453468307099	0.000893470624250729	0.00181359817183756
vm_fultimo_cierre_avg6	0.00124033430404368	0.000737266381721214	0.00203292911709325
ctarjeta_debito_transacciones_delta1	0.00123979360820831	0.0011621867884144	0.00101169649451933
ccajas_transacciones_tend6	0.00123032439251813	0.00179935679222824	0.00156305808022138
vm_mconsumospesos_avg6	0.00122676479167042	0.000636078488120706	0.0010038942079292
Visa_mpagominimo	0.00122670887029283	0.000794782547684236	0.00131685259226637
mttarjeta_visa_debitos_automaticos	0.00122505337843987	0.00119977233204084	0.0011460692080159
mtransferencias_recibidas_delta1	0.00121427010862114	0.00145439496708956	0.00256435152595387
vm_mpagospesos_tend6	0.00120839049759214	0.00197703388763714	0.00189508872066774
Visa_mlimitecompra_delta1	0.00120108212403865	0.000952849384665422	0.00295533277619228
cprestamos_personales_avg6	0.00120030032181962	0.00200386127966709	0.00146682987894319
mcuenta_debitos_automaticos_avg6	0.00119484927651899	0.00198806121210076	0.00149890594603592
Master_fultimo_cierre_avg6	0.00119019938999082	0.00114383819564737	0.00200778841585841
vmr_mpagado_tend6	0.00117534054852581	0.00085763645687828	0.00127524039711905
ccaja_ahorro	0.00116934136547757	0.00224480962635783	0.000612912957690801
Master_mlimitecompra	0.00116194929613139	0.000720607750563244	0.00229127149529956
Visa_msaldopesos_delta1	0.00115752979209954	0.00107912957878127	0.00152317972653852
vm_mconsumospesos_tend6	0.00115087139945917	0.000839207827903342	0.0013246548788565
vmr_Master_mlimitecompra_avg6	0.00113641395893605	0.00142630496006434	0.00224445777575882
vmr_mpagospesos_avg6	0.00113152677936149	0.000836599056469503	0.00107238094577584
mcomisiones_otras_delta1	0.00112927136781158	0.00153904107071154	0.00286603994077198
Visa_mpagominimo_lag1	0.00112872752807662	0.000806614834848425	0.00127697423858352
vmr_msaldototal_avg6	0.00112861501296054	0.000811495729067855	0.00110185625067186
Visa_mpagospesos	0.00112703654218679	0.000909505396536252	0.00139574237889984
vmr_mconsumospesos_tend6	0.00112328361039228	0.000826885976197319	0.0014720314033366
ccallcenter_transacciones_delta1	0.00111812307462471	0.00217589443492911	0.000854783841984624
vm_mpagospesos_delta1	0.0011177360234849	0.000794509796555992	0.00134286021423345
vmr_Master_mlimitecompra_tend6	0.00111326076046247	0.00157622694447858	0.00169222926932453
matm_tend6	0.0011069179896874	0.00122925786090294	0.00143648765331493
mpayroll_sobre_edad_avg6	0.00110656658115119	0.00111853974347607	0.000556563110095465
mtarjeta_visa_consumo_tend6	0.00108388965454834	0.00124038932006773	0.00132118719592755
mv_status07	0.00108312134013283	0.000804160951003075	0.000730814177274887
active_quarter_avg6	0.0010753144871159	0.000847124109913023	0.00311484619092369
vmr_mpagominimo_delta1	0.00105958178934145	0.000811191503846901	0.00113913384215801
Visa_msaldototal_delta1	0.00104694934763828	0.000927639731790488	0.0014260846045281
mv_status07_delta1	0.00104601281587699	0.00276140165074095	0.000968350457907531
mautoservicio_lag1	0.00104404796182197	0.00130355307746449	0.000945810518869397
vmr_mpagospesos_delta1	0.00104145301476346	0.000780329293788105	0.00135239634228805
vmr_mconsumospesos_avg6	0.00103549865761329	0.000606655688366815	0.00111312622019093
mautoservicio_delta1	0.00103205027995851	0.00137470110383221	0.00133939253130451
vm_status01_avg6	0.00101071307021172	0.00134567461475382	0.000350235975823315
ctarjeta_visa_transacciones_avg6	0.000996864265166155	0.00107238667431606	0.00102990182989628
Visa_mpagominimo_tend6	0.000986927484919791	0.00114664683852378	0.00202165914757418
catm_trx_tend6	0.000984036965066572	0.00138096576274484	0.00137753704352289
Visa_mconsumototal_avg6	0.000980402385566369	0.000647087921278723	0.00140181082402549
vmr_mpagominimo_lag1	0.000974595422380524	0.000620003186551066	0.00101516417744827
Master_fultimo_cierre_lag1	0.000970063384154961	0.000425475037166814	0.00147983368992673
ccuenta_debitos_automaticos_avg6	0.000965916048594328	0.00125533878384778	0.00122495899464937
vm_mfinanciacion_limite_lag1	0.000963159674959279	0.000441054055826803	0.00122669283611384
vmr_msaldopesos2_delta1	0.000959588570794852	0.00118582938199589	0.00176071600717117
ctarjeta_visa_transacciones_delta1	0.000958974912609495	0.00179331544601981	0.000881658384683938
mcuenta_debitos_automaticos_delta1	0.000954805516610099	0.00116518858436556	0.00123882972636514
Master_mpagospesos_avg6	0.000941120154660745	0.000850086764069076	0.000779361738280099
mextraccion_autoservicio_delta1	0.000933741649647288	0.00085229637682367	0.000754221037045257
Visa_fultimo_cierre_lag1	0.0009326438371329	0.000542789496404439	0.00149197058017803
ccajas_otras_tend6	0.000928809699381082	0.001609659368382	0.000745551829722898
vmr_mconsumototal_tend6	0.000927673325494948	0.000591577918366602	0.000983088110355542
vm_mpagado_avg6	0.000927281556103974	0.0012117067822113	0.00117814527510863
vmr_msaldototal	0.000925947956491182	0.000673056238536876	0.000801901677318233
mtransferencias_recibidas_lag1	0.000922715556925371	0.00147876102664898	0.00188902027554209
cdescubierto_preacordado	0.00092125951439368	0.00228048131146512	0.000556563110095465
catm_trx_other_tend6	0.00092037588744357	0.00212619362940703	0.00101776493964498
ctarjeta_debito_transacciones	0.000917331334184982	0.00114698976738542	0.000892928354203005
ctransferencias_recibidas	0.000915223082463097	0.00260489099221836	0.00127177271419011
cextraccion_autoservicio_tend6	0.000912570606118133	0.00104919223968344	0.00146076143381754
vm_msaldototal_avg6	0.00090923335113964	0.000387832241362446	0.000749886433384077
vmr_msaldopesos_tend6	0.000909188409143061	0.0011681407958412	0.0013801378057196
Visa_fultimo_cierre_tend6	0.000887185667408118	0.00160561564121322	0.00126830503126116
vm_mpagospesos_avg6	0.000884639049329284	0.00139654332089009	0.000901597561525364
vmr_msaldopesos_lag1	0.000883887362987353	0.000457142429003393	0.000716076524826876
cpagomiscuentas_avg6	0.000877717943532144	0.00132499270363347	0.00109925548847516
Master_fultimo_cierre	0.000871801105481444	0.000587803729193635	0.00168876158639559
ctarjeta_debito_transacciones_lag1	0.000869881439066944	0.000665951929698532	0.00071087500043346
ctarjeta_visa_debitos_automaticos_avg6	0.000868131777450064	0.00192660632997897	0.00131251798860519
mv_status07_tend6	0.000867924022821762	0.000513002444273658	0.000869521494432635
vmr_mconsumospesos_delta1	0.00086558222496341	0.000787625368212198	0.000889460671274062
vmr_mpagospesos_lag1	0.000865259727355301	0.00070544862989185	0.000920669817634555
mpayroll_avg6	0.000864686124110187	0.00120355550337948	0.00059384070158161
cproductos_lag1	0.000861950678278053	0.0012709076519303	0.00174857911691987
cpagomiscuentas_tend6	0.000854600260915379	0.0027081544963458	0.0013801378057196
vm_fultimo_cierre_lag1	0.000843799993501492	0.000419318164242215	0.00166795548882192
Visa_mconsumototal_tend6	0.00084242996991683	0.000970872136593298	0.00151884512287734
mpagomiscuentas_delta1	0.000841984536417704	0.00195641003197782	0.000888593750541826
vm_mpagado_tend6	0.000839839831721933	0.00121055326766732	0.00112613003117447
vm_status01_tend6	0.000838854446677547	0.000732801076971887	0.000416121951473245
mtarjeta_visa_consumo_delta1	0.000828725185591074	0.000682862134520973	0.000939742073743745
active_quarter_tend6	0.000825609969906041	0.0024157649947653	0.00212482271471026
Visa_msaldopesos_tend6	0.000824736643401755	0.00102151833330848	0.00169743079371795
mpagomiscuentas_tend6	0.000824481054366606	0.00187246534056115	0.00130731646421178
vm_mlimitecompra_lag1	0.000823889581227703	0.000352098265301364	0.000942342835940453
vm_mpagominimo_lag1	0.000823763398495727	0.000520212202276443	0.000782829421209042
vm_mpagominimo_tend6	0.00082196071913475	0.00115708813144679	0.00150150670823263
vm_mpagominimo_delta1	0.000820497207885254	0.000757824952371519	0.00107758247016926
mtransferencias_emitidas_delta1	0.000820453526827085	0.00129464693158778	0.00114693612874813
vm_status02_tend6	0.000818858910284751	0.000140818449970016	0.000227133231845813
Visa_mconsumototal	0.000816214245340117	0.00052907336429907	0.000938875153011509
Visa_mlimitecompra_lag1	0.000815926768919772	0.000666711762493546	0.00177025213522576
Visa_mconsumospesos	0.000812577646116177	0.000692697532902878	0.00143995533624388
Visa_mconsumospesos_lag1	0.00081157817720018	0.000879774793300286	0.00147983368992673
mextraccion_autoservicio_avg6	0.000808749911660313	0.0010707660871573	0.00137493628132618
cprestamos_personales_delta1	0.000805447187604219	0.000626225782639098	0.000361505945342382
Visa_mpagado_avg6	0.000800787281729526	0.00190880177895369	0.00161333948269106
Master_mpagominimo_avg6	0.000800545850075793	0.000526831109039971	0.00051928551860932
vmr_mpagominimo	0.00079722816527726	0.000775582328770603	0.00115647225680273
matm_other_tend6	0.000789980126734621	0.00110084794418894	0.00098135426889107
mtransferencias_emitidas_lag1	0.000789854515652169	0.00144729620820724	0.000929339024956914
vmr_msaldototal_delta1	0.000788733941669162	0.000965138666892677	0.0010134303359838
vmr_mpagospesos	0.000787576656206372	0.000566281072761515	0.000858251524913568
vm_mpagominimo_avg6	0.000784898851049006	0.000675256138868429	0.0010931870433495
cpagomiscuentas_lag1	0.000780216463335675	0.00146270171771577	0.000603376829636205
vm_mlimitecompra_delta1	0.00077248557060406	0.000403509990819058	0.00163067789733578
matm_other_avg6	0.000767962775861969	0.00221235917954182	0.00104810716527324
catm_trx_avg6	0.000765979710067366	0.000916071140563137	0.00118421372023428
vm_msaldopesos_avg6	0.00076475710691325	0.000513344934980878	0.000723011890684763
mpagomiscuentas_avg6	0.000761051906758997	0.00148409752844247	0.00124923277515197
vm_mpagospesos_lag1	0.000757977771525077	0.00065476884133758	0.000666662043089428
vmr_mconsumospesos_lag1	0.000756680693782894	0.000691882565676318	0.000875589939558287
Master_fultimo_cierre_tend6	0.000756515717770203	0.00165175520061185	0.00139400853743537
thomebanking	0.000755220606643852	0.00051093399026897	0.000750753354116313
vm_msaldopesos_tend6	0.000749644123077995	0.000800299130945531	0.00123276128123949
ccajas_extracciones_tend6	0.00074919026428401	0.00185493419789575	0.000826175457820839
Visa_cconsumos_delta1	0.000749037478622423	0.00118315203939487	0.000998692683535788
vm_cconsumos_delta1	0.000748221620522047	0.00060807355607926	0.000605977591832913
vm_status06_tend6	0.000746239051733864	0.000457259781362988	0.000346768292894371
Master_cconsumos_avg6	0.000743529360619009	0.00102024439932395	0.000667528963821664
mpayroll_tend6	0.000741057996710677	0.00154261436608161	0.000670129726018372
Visa_mconsumospesos_delta1	0.000734779816072684	0.00074435528212902	0.00146076143381754
Visa_mconsumototal_lag1	0.000729100230506863	0.000528433147661502	0.000893795274935241
mtransferencias_emitidas	0.000725221007057531	0.00181017029733349	0.00101776493964498
ctarjeta_debito	0.000724600767643476	0.000695561310210834	0.00173384146447185
vmr_Visa_mlimitecompra_tend6	0.000722109303518364	0.000672381261648427	0.00119981829341452
vm_mconsumospesos_delta1	0.000719225761982212	0.000450855716318146	0.000721278049220291
Visa_Fvencimiento_tend6	0.000717316889630053	0.000996567556671733	0.00124489817149079
Master_mconsumospesos_avg6	0.000709657843356533	0.000769966138403839	0.000648456707712474
vm_fultimo_cierre	0.00070864331282126	0.000535529277617286	0.00166275396442851
ctransferencias_recibidas_lag1	0.000706875873460237	0.00130979210434338	0.00103597027502193
mpayroll_sobre_edad_tend6	0.000703431093673934	0.00123178798361787	0.000654525152838125
cforex_avg6	0.00069258879826051	0.000432063200095004	0.000390981250238403
ctarjeta_visa_debitos_automaticos_lag1	0.000691178419805666	0.000794402959902546	0.000627650610138811
vmr_msaldopesos_avg6	0.000690322366300977	0.000753623927764927	0.00102209954330616
ctarjeta_visa_debitos_automaticos_delta1	0.000685184804508711	0.000589307913327388	0.000448198018565974
Visa_mconsumototal_delta1	0.000681544996933926	0.000562193895279136	0.00106804634211466
vm_cconsumos_tend6	0.000679952729731477	0.000935313787430054	0.00146682987894319
Visa_mconsumosdolares_tend6	0.000676957123988223	0.00118231165921179	0.00106371173845348
vmr_msaldototal_lag1	0.00067589754989251	0.000662442531848459	0.000737749543132774
vmr_msaldopesos2_lag1	0.000669007641538671	0.000801113513966194	0.00154832042777337
vm_mconsumototal_tend6	0.00066818038541072	0.000601594858731054	0.000914601372508903
Master_msaldototal_tend6	0.000667342384455562	0.00114326231468423	0.000910266768847724
vmr_msaldopesos_delta1	0.000666106028422277	0.000967419990921148	0.000945810518869397
mtarjeta_master_consumo	0.000665496636428856	0.000609689615642323	0.000228000152578049
ccomisiones_otras_delta1	0.000664176552773107	0.00164303665785387	0.00102903490916405
Visa_cconsumos_lag1	0.000660798427970197	0.000882262415036198	0.00109925548847516
Master_mlimitecompra_lag1	0.000660168147253232	0.000551304005252829	0.00139054085450643
ctransferencias_recibidas_delta1	0.000656389514613657	0.00264084908426675	0.00127610731785129
vm_cconsumos_avg6	0.000653742359095345	0.00228232455409645	0.00104984100673771
Visa_msaldototal_lag1	0.000645107203912326	0.000501851341185577	0.000811437805372828
vm_mconsumototal	0.000643249519611347	0.000340641768580533	0.000474205640533052
vm_msaldopesos_lag1	0.000638768943976549	0.000448709928057819	0.000548760823505342
vmr_mconsumosdolares_tend6	0.000636943791382284	0.00100249235380368	0.000733414939471594
vmr_mconsumospesos	0.000634319815598199	0.00097882500449729	0.000819240091962951
matm_other_delta1	0.000629089117845069	0.000982343895693192	0.000489810213713299
Master_msaldopesos_lag1	0.000627605425782888	0.000592470438926013	0.00038317896364828
vm_status01_delta1	0.000627310683908472	0.000198022723009684	5.9817530524279e-05
cpagomiscuentas	0.000627072543152942	0.000687362856752816	0.000553962347898758
ccomisiones_mantenimiento_delta1	0.000622804598890106	0.00247356048417291	0.00054702698204087
vm_Fvencimiento_tend6	0.000621461340611539	0.00127122889214801	0.00110965853726199
cplazo_fijo_tend6	0.000620276740996388	0.00245774581145914	0.00049587865883895
ccaja_seguridad	0.000615327273092191	0.00361946560028449	0.00021933094525569
Visa_delinquency_tend6	0.000613872898798491	0.000822919948412867	0.000462935671013985
Visa_mpagado_lag1	0.000606648950322821	0.000482273944339579	0.000684000457734147
Master_mpagado_tend6	0.000601279135991327	0.000631914852691534	0.000569566921079004
vm_msaldototal_delta1	0.000599255024926666	0.000924474358188115	0.000812304726105064
Visa_mpagado_delta1	0.000595725238025724	0.000598524272535498	0.00085998536637804
cpayroll_trx_tend6	0.000593487574075888	0.0016971969260663	0.000683133537001911
vm_cconsumos_lag1	0.000592390066923875	0.000876721879333119	0.000610312195494093
Visa_msaldopesos_lag1	0.00059184599831032	0.000569041445625671	0.000764624085832088
ctarjeta_debito_tend6	0.000590912246735406	0.00177517088716237	0.00107411478724031
tcallcenter_avg6	0.00059006016557396	0.000620213719751261	0.000920669817634555
mplazo_fijo_dolares_tend6	0.000589657904251984	0.0011789858480649	0.000487209451516591
Visa_mlimitecompra_avg6	0.00058865403360565	0.000689327322107807	0.00184740808039476
vm_mlimitecompra_avg6	0.000587216516613509	0.000414525996293418	0.0011703429885185
Master_fechaalta_tend6	0.000583048281093774	0.000599952655954093	0.000807970122443884
vmr_mconsumototal_avg6	0.000581438829086444	0.000447907740335259	0.000736015701668302
Master_mpagominimo_tend6	0.000581371801868138	0.00140105273318465	0.000743817988258426
cforex_tend6	0.000579154432437889	0.000614168576204496	0.000549627744237578
mpagomiscuentas_lag1	0.000571229875482893	0.00086364640201974	0.000680532774805203
ctarjeta_visa_transacciones_lag1	0.000570119159403395	0.000758782757939939	0.000736015701668302
mextraccion_autoservicio	0.00056995977455442	0.000688905525450046	0.000694403506520978
catm_trx_other_avg6	0.000567457972052976	0.00168947219056516	0.000769825610225503
cpagomiscuentas_delta1	0.000566620255026971	0.00183229950553835	0.000596441463778318
Master_mconsumospesos_tend6	0.00056530897505725	0.00111095076282028	0.000794966311460345
Master_Fvencimiento_tend6	0.000564232541701508	0.000521849074174593	0.00107671554943702
mpagomiscuentas	0.000559245779771845	0.00113029696018247	0.000733414939471594
Master_mpagospesos_tend6	0.000558415300930774	0.00186442878516239	0.000826175457820839
mforex_sell_tend6	0.000557694707586766	0.000853709497863201	0.000648456707712474
Visa_fultimo_cierre	0.000556574543858591	0.00104353851408778	0.00159426722658187
mtarjeta_visa_consumo_avg6	0.000549036326432941	0.000682217755416388	0.000674464329679551
cseguro_accidentes_personales_tend6	0.000545212405378048	0.00114397314720962	0.000432593445385728
vm_fechaalta_tend6	0.000541605358073453	0.000766012013814542	0.000751620274848549
vm_Finiciomora_avg6	0.000535951654357544	0.001352927603993	0.000412654268544301
vmr_mconsumototal	0.000534539212564524	0.000648451457842731	0.000631118293067755
Master_msaldototal_avg6	0.000533632467671253	0.000415834909606041	0.000492410975910007
thomebanking_delta1	0.000532046831693349	0.00240712108431068	0.000834844665143198
vm_msaldopesos_delta1	0.000530348449494689	0.000988096863265631	0.000801034756585997
mcaja_ahorro_adicional_delta1	0.000529631485033726	0.000844623343544425	0.000267878506260902
catm_trx_delta1	0.000528936297106973	0.000978209981739038	0.000479407164926468
ccajas_depositos_tend6	0.000528702640691218	0.0015844000580058	0.000642388262586822
foto_mes	0.000525466590755611	0.00974337755513951	0.00113913384215801
Visa_msaldopesos_avg6	0.000524796562499486	0.000709284525812707	0.00102383338477063
ccaja_ahorro_lag1	0.000520493050680778	0.000673003075800233	0.000473338719800816
ctarjeta_visa_descuentos_tend6	0.000520449943506374	0.000457740874919312	0.000286950762370092
mpayroll_delta1	0.000519021533113993	0.00236791794758069	0.000514083994215905
vm_mconsumospesos	0.000518728464078496	0.000362873212817401	0.000638053658925642
ccaja_seguridad_lag1	0.000514268930357185	0.000829403611511199	0.000139574237889984
ccaja_ahorro_avg6	0.000514214478705188	0.00132109378650146	0.000681399695537439
vm_status05_tend6	0.000512860528632965	0.000312078043598439	0.000339832927036484
Master_msaldototal	0.000512731764711737	0.000668116266496094	0.000456867225888334
ccajas_transacciones_avg6	0.000512328952120936	0.000822547152024731	0.000899863720060893
ccajas_otras_avg6	0.000511402225597885	0.0010212952396815	0.000509749390554725
vmr_mconsumototal_lag1	0.000504903048697629	0.000492915108705163	0.000609445274761857
ccajas_consultas_delta1	0.000498822781412679	0.000857175080270986	0.000426525000260076
mextraccion_autoservicio_lag1	0.000495207775677708	0.000396513979148903	0.000513217073483669
vm_status04_tend6	0.000490512327438759	0.000447284830797395	0.000400517378292998
Master_mconsumospesos	0.000488632560337725	0.000556577558860898	0.000375376677058157
matm_delta1	0.000484059602886565	0.000792469457460106	0.00066406128089272
thomebanking_lag1	0.000483512760355349	9.33853856893011e-05	0.000518418597877085
vm_mconsumototal_lag1	0.000479332165178048	0.000255029826559055	0.000415255030741009
mtarjeta_visa_descuentos_avg6	0.000474272668757521	0.00178457594487527	0.000441262652708087
cseguro_vida_tend6	0.00047243391354152	0.000852137983999798	0.000539224695450747
Master_msaldopesos_avg6	0.000471450059305728	0.000381008935560644	0.000502814024696838
vmr_mconsumosdolares_avg6	0.000468781777087874	0.000617401936768153	0.000664928201624956
matm	0.000468037743555746	0.000934342983280422	0.000613779878423037
vm_cconsumos	0.000458883319125098	0.000738737412170303	0.000595574543046082
ctarjeta_visa_debitos_automaticos	0.000456202023379311	0.0007050219405097	0.0005236201222705
vmr_mpagado_lag1	0.000455263776919586	0.000407875542411442	0.000540958536915219
Visa_Finiciomora_avg6	0.000452494645643426	0.00035140444777273	0.000241003963561588
Visa_delinquency_avg6	0.000449889618851158	0.000285582626569559	0.000372775914861449
Master_status_tend6	0.000449374996798431	0.000243680969774779	0.000195057164753084
vm_mpagado_delta1	0.000447883674108187	0.000428550297009548	0.000485475610052119
vm_status03_tend6	0.000445838505649472	0.000288566531215122	0.000254874695277363
vmr_Master_mlimitecompra_delta1	0.000444759175826832	0.00039716215559182	0.000241003963561588
vm_mlimitecompra	0.000443798540022924	0.000507049386181436	0.00137406936059395
ccajas_transacciones_delta1	0.00043972373840988	0.000123013314738839	0.000225399390381341
ctarjeta_master_transacciones_tend6	0.000438289673033479	0.00140984839112106	0.000428258841724548
tcuentas_avg6	0.000435511748611737	0.000913833266848268	0.000657125915034833
mtarjeta_visa_consumo_lag1	0.000435023455746637	0.000659525810881072	0.00054702698204087
Visa_mconsumosdolares_avg6	0.000433253271022322	0.000556828767396684	0.000907666006651016
mforex_sell_avg6	0.000432091182207036	0.000818257474173243	0.000676198171144023
vm_msaldototal_tend6	0.000429322947851558	0.000894795676251261	0.00114346844581919
ctarjeta_visa_descuentos_avg6	0.000428083724596441	0.00117444598403795	0.000312091463604934
cdescubierto_preacordado_tend6	0.000427553123882719	0.00532040524143105	0.000284350000173384
Master_mpagospesos_delta1	0.000426081166475683	0.00132743329679466	0.000579969969865835
ccuenta_debitos_automaticos	0.000425353723953995	0.00109672724789321	0.000456000305156098
ctarjeta_master_debitos_automaticos_avg6	0.000424471027939661	0.000711591043720494	0.000276547713583261
mttarjeta_master_debitos_automaticos_tend6	0.000423146295327306	0.00126442114082822	0.000377110518522628
vm_mpagospesos	0.000422052881718151	0.000471187322977398	0.000581703811330307
Master_msaldopesos_delta1	0.000421259008494797	0.000728330514369486	0.000497612500303422
ccomisiones_mantenimiento_lag1	0.000418504288156212	0.000281257604261291	0.000329429878249652
Master_mpagominimo	0.000416897727739097	0.000603827912747272	0.000361505945342382
vmr_mpagado_delta1	0.000415645173305343	0.000901299275375834	0.000651924390641417
vmr_mconsumototal_delta1	0.000415550206369168	0.000516485406806884	0.00064498902478353
cextraccion_autoservicio_delta1	0.000415305372595487	0.000688441958070637	0.000566099238150061
vm_mconsumototal_avg6	0.000413572202441831	0.000466629275541894	0.000651924390641417
Master_mconsumototal_avg6	0.000411736111582894	0.000612971173192497	0.000522753201538264
ccajas_depositos_avg6	0.000408745187561769	0.000796652006555199	0.000446464177101503
cmobile_app_trx_delta1	0.000405931244509662	0.000233168695835259	0.000486342530784355
cseguro_accidentes_personales_avg6	0.000402294629867779	0.000372612436303483	0.000792365549263638
Master_mconsumototal_delta1	0.000401814268553691	0.000497320459324292	0.000286950762370092
active_quarter	0.000400416238168366	0.00020677076816547	0.000778494817547863
cmobile_app_trx_lag1	0.000399034984185353	0.000335891371353385	0.000700471951646629
Master_mpagospesos_lag1	0.000398555453956641	0.000637473498777425	0.000536623933254039
catm_trx_other_delta1	0.000397904007616228	0.000340210405551206	0.000273946951386553
vm_mconsumosdolares_tend6	0.000397027303721545	0.000535149689835596	0.000592973780849374
ccajeros_propios_descuentos_tend6	0.000396582577683344	0.00108805821658502	0.000293886128227979
cforex_sell_tend6	0.000391177365327677	0.000545640202105446	0.000418722713669953
cmobile_app_trx	0.000391039872610749	0.000515671461940644	0.000848715396858973
vmr_mpagado	0.000390864464812907	0.000870193013303493	0.000464669512478457
Visa_mconsumosdolares	0.000390662387103988	0.000626149397718042	0.000446464177101503
ctarjeta_master_delta1	0.00038758522896953	0.000110998098103097	4.16121951473245e-05
cseguro_vida_avg6	0.000387282230011321	0.000759750714085822	0.000802768598050469
ccaja_seguridad_avg6	0.000382648597548598	0.00143813111306661	0.000235802439168172
mplazo_fijo_dolares_delta1	0.000381433717518884	0.00301010204455852	0.00040225121975747
mcaja_ahorro_adicional_tend6	0.000380659692872011	0.00059390977620518	0.000418722713669953
vm_status04_delta1	0.000380410004454728	0.000356182740831469	9.88289634748957e-05
Master_msaldototal_delta1	0.000380328786615161	0.000535612819060582	0.000508015549090253
Master_msaldopesos_tend6	0.000378681088922955	0.00113166838352609	0.000782829421209042
cpayroll_trx_delta1	0.00037421609766438	0.000924461140529692	0.000230600914774757
vmr_msaldodolares2_avg6	0.000370036765863787	0.000536561642463333	0.000299087652621395
Visa_mconsumosdolares_delta1	0.000369105627010553	0.00121390040232946	0.000478540244194232
mcaja_ahorro_adicional_avg6	0.000367382632655946	0.000788681685500029	0.000400517378292998
ctarjeta_master_transacciones_avg6	0.000363008302165915	0.000519194734680774	0.000323361433124001
Master_cconsumos_tend6	0.000358470031885101	0.000939079505617512	0.00057476844547242
ctransferencias_emitidas_delta1	0.000354590059465823	0.000936555224961552	0.000629384451603283
cseguro_vivienda_tend6	0.000353751105599833	0.000381333681013736	0.000283483079441148
matm_other	0.000348628892573069	0.000871288472386435	0.000361505945342382
ccajeros_propios_descuentos_avg6	0.000348438115511155	0.000852559196451662	0.000218464024523454
Master_mpagado_avg6	0.000345717661341127	0.000982679302903908	0.000534890091789567
cseguro_vivienda_avg6	0.000343183292775144	0.000366881084349239	0.00064065442112235
mtarjeta_master_consumo_tend6	0.000342680755414713	0.000671903235173062	0.000466403353942929
vm_fultimo_cierre_tend6	0.000341777593429793	0.000896640233345856	0.0013246548788565
Visa_mpagado	0.000341559446265848	0.000919666489705832	0.000485475610052119
vm_status04	0.000340663161188424	0.000320663752540547	7.54221037045257e-05
Visa_fechaalta_tend6	0.000339553675522337	0.000982505428623761	0.000771559451689975
mplazo_fijo_dolares_avg6	0.000337193937661095	0.000987348860640035	0.00044906493929821
Master_mconsumototal_tend6	0.000328688313898609	0.000614719263288322	0.000486342530784355
cplazo_fijo_avg6	0.000328418305767911	0.00136692619964965	0.00041092042707983
cdescubierto_preacordado_delta1	0.000327683998180138	0.00505231527296341	0.000208060975736623
mcajeros_propios_descuentos_avg6	0.00032706768981931	0.000513466741910439	0.000215863262326746
ctarjeta_master_transacciones	0.000324285335690063	0.000841498937380591	0.000157779573266939
Master_msaldototal_lag1	0.000323740948902527	0.000427245911292628	0.000395315853899583
matm_other_lag1	0.000320798738420654	0.000899688692743057	0.000348502134358843
mtarjeta_visa_descuentos_tend6	0.000319479417781462	0.00166664931088314	0.000319893750195057
Visa_mpagosdolares_avg6	0.000316964105319777	0.000828289019685124	0.000333764481910832
mtarjeta_master_consumo_avg6	0.000314451255470609	0.000282100029165019	0.000239270122097116
Master_msaldopesos	0.000314146581581917	0.000469446535455288	0.000386646646577224
ctransferencias_emitidas_lag1	0.000313108853170941	0.000657418726261432	0.000475939481997524
ccajas_otras_delta1	0.000307356824417297	0.000348867825767193	0.000183787195234017
vm_mconsumospesos_lag1	0.000305866085950832	0.000465182927791961	0.000558296951559937
cextraccion_autoservicio_lag1	0.000304101787979194	0.000290666386286783	0.000364106707539089
ctarjeta_master_debitos_automaticos_tend6	0.000303451836785047	0.00152275939840872	0.000319026829462821
catm_trx_other	0.000303235051970593	0.00024058767257497	0.000231467835506993
mttarjeta_master_debitos_automaticos_delta1	0.000302263801955781	0.00126447766274877	0.000299087652621395
tcallcenter_delta1	0.000299133835254729	0.000308873747278166	0.000287817683102328
Visa_mpagosdolares_tend6	0.000298953406537523	0.000539986768612738	0.000338099085572012
mplazo_fijo_dolares_lag1	0.000298133056281638	0.000938828808261887	0.000246205487955003
Master_mpagospesos	0.000296271130955172	0.000640995311002813	0.00047680640272976
matm_lag1	0.000296208430758673	0.000532161476671541	0.000436061128314671
Master_cconsumos_delta1	0.000294807434345159	0.000447187414464041	0.000209794817201094
vm_mconsumosdolares_avg6	0.000292566899743407	0.000663440063417887	0.000641521341854586
ccajas_extracciones_avg6	0.000287034167199344	0.00219827682336466	0.000561764634488881
Master_mpagado_delta1	0.000286953430869569	0.000302733232118688	0.000171650304982714
vm_mpagado	0.000286468554774571	0.00102843555020825	0.000410053506347594
vmr_msaldodolares_tend6	0.000281750999391427	0.000652591725036017	0.000272213109922081
cseguro_auto_avg6	0.000279375193778555	0.00128692701578529	0.000178585670840601
cseguro_accidentes_personales	0.000277257936966347	0.000140489542049906	0.000284350000173384
cforex_sell_avg6	0.000276666088522707	0.000413710444860961	0.000313825305069406
ctarjeta_master_transacciones_lag1	0.000275785189642354	0.00070517346891428	0.000156912652534703
ccaja_ahorro_tend6	0.000275485573703	0.0013150386384287	0.00024273780502606
Master_fultimo_cierre_delta1	0.000274112345346885	0.000110243815264105	0.000538357774718511
Master_cconsumos_lag1	0.000273874100745323	0.000338402799479607	0.0002340685977037
ccuenta_debitos_automaticos_delta1	0.000271735573411918	0.0003913016941343	0.000162114176928118
ccuenta_debitos_automaticos_lag1	0.000270583575888651	0.000517904369905387	0.000400517378292998
ccallcenter_transacciones_lag1	0.00026978789065415	0.00143870356182011	0.00042565807952784
vmr_mconsumosdolares_delta1	0.000269565373282983	0.000299388872434568	0.000230600914774757
active_quarter_lag1	0.000268685530828748	0.000132409609363278	0.000758555640706436
vmr_mpagosdolares_tend6	0.000268381879301662	0.000776747308355308	0.000299954573353631
vm_status05_avg6	0.000268087197851061	8.44133705976854e-05	0.000211528658665566
Master_mconsumototal	0.000267437546475044	0.000307287920370283	0.000247072408687239
catm_trx_other_lag1	0.000264109158051238	0.000401795127433636	0.000182053353769545
cplazo_fijo_delta1	0.000263981122456428	0.000477937237913368	0.000116167378119614
vm_mpagado_lag1	0.000261055955564349	0.000238852727111832	0.000405718902686414
ctransferencias_emitidas	0.000260390087003754	0.000785552094508858	0.00054702698204087
Master_mconsumospesos_lag1	0.000260099462571583	0.000404357746601598	0.000381445122183808
cextraccion_autoservicio	0.000258323343989697	0.000488299443963051	0.000414388110008773
mcajeros_propios_descuentos_tend6	0.000257114104255177	0.00104360723130644	0.000203726372075443
mttarjeta_master_debitos_automaticos_avg6	0.000255021772692315	0.00041849487208162	0.0002340685977037
Master_mconsumototal_lag1	0.000254554993559004	0.00035624875609785	0.00028521692090562
Master_cconsumos	0.000254361773706967	0.000281079786591338	0.000220197865987926
vm_status02	0.000252724864087075	0.000442224512341795	8.4091311026885e-05
tcallcenter	0.000250979643074745	0.00018941437608906	0.000199391768414263
vmr_msaldodolares2	0.000248306238253702	0.000722106603818186	0.000166448780589298
mcheques_depositados_avg6	0.000246305189486488	0.00130439791221754	0.000254007774545127
mpayroll_sobre_edad_delta1	0.000246179149497227	0.0012127115433287	0.000445597256369267
vmr_msaldodolares2_tend6	0.000245323640664548	0.000684305342164209	0.000288684603834564
catm_trx_lag1	0.000245297669322456	0.000253477737541733	0.000281749237976676
mplazo_fijo_dolares	0.000244651800016311	0.00166971580763741	0.000332897561178596
tcuentas_tend6	0.0002433552934848	0.000624697500012086	0.000493277896642243
vm_mpagosdolares_avg6	0.00024280070249246	0.000437513402961232	0.000240137042829352
vmr_mconsumosdolares	0.000242353919385126	0.00035580183858651	0.000299087652621395
mforex_sell_delta1	0.000241667867185979	0.000733685929828897	0.000155178811070231
vm_fultimo_cierre_delta1	0.000240023320688122	7.00149590301516e-05	0.000458601067352806
mcaja_ahorro_adicional	0.000239652500377861	0.000416550561830081	0.000233201676971464
Visa_status_avg6	0.000238503049410808	0.00141052366011246	0.000237536280632644
Master_mpagominimo_delta1	0.000237419258016791	0.000569524145748213	0.000372775914861449
cseguro_accidentes_personales_lag1	0.00023489260035788	0.000114616596404467	0.000270479268457609
Master_mconsumospesos_delta1	0.000233990197931498	0.00067196727874454	0.000354570579484494
vm_mconsumosdolares_delta1	0.00023374551322207	0.000625010269244286	0.000321627591659529
Visa_Finiciomora_tend6	0.000231777241753406	0.000426199452479312	0.000235802439168172
Master_mpagominimo_lag1	0.00023030718944539	0.000325995945815546	0.000301688414818103
vm_msaldodolares_avg6	0.000229071043928524	0.00380986786854567	0.00038317896364828
vm_status02_avg6	0.000228306390281582	0.00124490910201697	0.000304289177014811
vmr_mconsumosdolares_lag1	0.000223958471126185	0.000323606397644622	0.000275680792851025
Visa_status_tend6	0.000221607357808188	0.000157612324793183	0.000175117987911657
Visa_status	0.000220732741200458	0.00165455749024913	0.000123969664709738
cinversion1_tend6	0.000217974152582011	0.000500023726061999	9.27605183492442e-05
mcheques_depositados_tend6	0.000216222089175081	0.000760272263900526	0.000184654115966253
ccheques_depositados_avg6	0.000215754236876501	0.000965070022699758	0.000181186433037309
vmr_msaldodolares_avg6	0.000207573281822522	0.000405623574729303	0.000230600914774757
cliente_edad_delta1	0.000206406241235995	0.000213836884543286	0.000663194360160484
cplazo_fijo	0.000205776116690917	0.000819754647836231	0.000162981097660354
minversion2_tend6	0.000205344653357493	0.00168380619664566	0.000246205487955003
vm_mconsumosdolares_lag1	0.000205219131054676	0.000389650874320355	0.000275680792851025
catm_trx	0.000204808872416468	0.000879782607054161	0.000346768292894371
ctarjeta_master_avg6	0.000201582253348887	6.97802543109612e-05	4.68137195407401e-05
Master_status	0.000199265944531536	0.00170263529876312	0.000119635061048558
vm_mconsumototal_delta1	0.00019694719475647	0.000352968659062419	0.000566966158882296
vmr_mpagosdolares_avg6	0.000195945777400787	0.000348300561841035	0.00021066173793333
vm_Finiciomora	0.000195644193350731	0.000983632215747939	0.00018725487816296
ccaja_seguridad_tend6	0.000194947934771527	0.00120744127587881	8.84259146880646e-05
vm_msaldodolares_tend6	0.000194686578471364	0.000515495250836908	0.000235802439168172
vmr_Visa_mlimitecompra_delta1	0.000193599433407223	0.00103198847139767	0.000286083841637856
Visa_mconsumosdolares_lag1	0.000193325382504827	0.000470155907465934	0.000407452744150886
Visa_msaldodolares	0.000192812789775125	0.00115370368063298	0.000223665548916869
vm_status06_avg6	0.00018715138858972	2.82985685305138e-05	0.000129171189103153
cplazo_fijo_lag1	0.000187141651412315	0.000279422832615473	9.01597561525364e-05
Visa_fultimo_cierre_delta1	0.000185195423962623	9.62956803918199e-05	0.000466403353942929
Master_mpagado	0.000182232494429738	0.000276653477585648	0.000126570426906445
mcaja_ahorro_adicional_lag1	0.000180584487589523	0.000284873984816284	0.000179452591572837
mtarjeta_visa_descuentos_delta1	0.000174066016862913	0.000536249384411292	0.00016384801839259
vmr_msaldodolares2_delta1	0.000173761504337038	0.000368198468647371	0.000198524847682027
ctarjeta_master_descuentos_avg6	0.000172913774801904	0.000187689508177648	8.23574695624131e-05
mtarjeta_visa_descuentos	0.000171868647475987	0.0014207363824782	0.000147376524480108
cpagodeservicios_avg6	0.000170284465337866	0.000209169517579274	6.50190549176945e-05
mprestamos_prendarios_avg6	0.000168307493742138	0.00157208799174856	0.00016818262205377
Visa_mpagosdolares_lag1	0.000168187862992239	0.000482363254816109	0.000160380335463647
Visa_Finiciomora	0.000165995955155763	0.00151176924404531	0.000199391768414263
ctarjeta_master_debitos_automaticos	0.000165563947664069	0.000588352663659769	9.70951220104238e-05
Master_msaldodolares_avg6	0.000164775926841639	0.000663651180823979	0.000123969664709738
vm_Finiciomora_lag1	0.000162359340940877	0.000459904116330817	0.000135239634228805
vm_Finiciomora_tend6	0.000161401532071505	0.00046457506155595	0.000310357622140462
Visa_msaldodolares_lag1	0.000159627969078465	0.000466191632299173	0.000178585670840601
vmr_msaldodolares2_lag1	0.000158944448863979	0.000849917198307421	0.000181186433037309
mpagodeservicios_avg6	0.000157885622902729	0.000230150250016026	6.84867378466383e-05
mprestamos_prendarios_tend6	0.000156712819289837	0.00110077017177888	0.000216730183058982
vmr_mpagosdolares_delta1	0.000156565920992949	0.000559104906597818	0.000114433536655142
vm_msaldodolares	0.000155080801427364	0.000658332205207404	0.000139574237889984
Visa_Fvencimiento_delta1	0.000154441618148476	7.47420610471502e-05	0.000227133231845813
ctarjeta_master_transacciones_delta1	0.000152975922222071	0.000547177101769441	0.000143041920818928
vm_mpagosdolares_delta1	0.00015274994338658	0.000513312657605059	0.000133505792764333
cseguro_vivienda	0.000152590985547781	0.000149659164786242	0.000209794817201094
ccheques_emitidos_avg6	0.000152206911520628	0.000674998723144986	0.000105764329332783
Master_mpagosdolares_tend6	0.000152203486467519	0.000345153371647211	8.75589939558287e-05
ccheques_depositados_tend6	0.000149341844553096	0.00109032537362048	0.000201992530610971
ccajas_transacciones	0.000148539299386537	0.000316682097248345	0.000188988719627432
Master_mconsumosdolares_tend6	0.000148013582028046	0.000578005281834727	9.70951220104238e-05
ccaja_ahorro_delta1	0.00014728376255906	0.00126009159092425	8.49582317591209e-05
vm_mpagosdolares_tend6	0.000145730264976793	0.000445464737324744	0.000224532469649105
Visa_msaldodolares_avg6	0.000143540614877647	0.000937908464896623	0.000325962195320709
mpagodeservicios_tend6	0.000143192461769918	0.000154147764745718	6.24182927209868e-05
ccajeros_propios_descuentos_delta1	0.00014155892124758	0.000133081081016345	6.41521341854586e-05
cpagodeservicios_tend6	0.000141446282432134	0.00011123017389575	7.62890244367616e-05
cseguro_auto	0.000141170414248872	0.00015877854581542	8.84259146880646e-05
vm_msaldodolares_delta1	0.000140389608905346	0.000367554527697209	0.000130038109835389
cinversion2_lag1	0.000139971260346909	0.000178273861732865	6.67528963821664e-05
vmr_msaldodolares_delta1	0.000138300058112494	0.000238883690024382	0.0001447757622834
mtarjeta_visa_descuentos_lag1	0.000137023342224912	0.00021896467878001	7.28213415078179e-05
mcheques_emitidos_rechazados_avg6	0.000135486300098385	8.37048018701482e-05	1.82053353769545e-05
mforex_buy_avg6	0.000134998665632521	0.00160008459885597	0.000154311890337995
mv_status07_lag1	0.00013390801083481	0.00052008864272919	0.000627650610138811
mforex_buy_tend6	0.000133702622821308	0.00089379259472581	0.000139574237889984
vm_mconsumosdolares	0.000133639665871221	0.000333874911673545	0.000249673170883947
minversion2_delta1	0.000132457769170663	0.000529985017601613	0.000134372713496569
Master_Fvencimiento_delta1	0.000130698959011512	0.00010776831580056	0.00028088231724444
cseguro_vida_lag1	0.000130651170162856	0.000254728814470535	0.000178585670840601
mtarjeta_master_consumo_lag1	0.000130507805271037	0.000284053394607964	0.000148243445212344
Master_msaldodolares_tend6	0.000130426091677219	0.000188219675029336	6.67528963821664e-05
cforex_buy_tend6	0.000129367991768803	0.000597841920047596	0.000102296646403839
minversion1_pesos_tend6	0.00012931513734064	0.00106254806280173	0.000106631250065019
Master_mpagado_lag1	0.000127108014571365	0.000188660458378755	0.000152578048873523
cseguro_vivienda_lag1	0.000126186733220317	7.28822415734908e-05	0.000155178811070231
vmr_msaldodolares_lag1	0.000126019710439208	0.000324197540986827	9.70951220104238e-05
ccajas_otras	0.000125228517693077	0.00033021763670575	0.000123969664709738
mcheques_depositados	0.000124819063577805	0.000267336927066173	4.42129573440323e-05
Master_madelantodolares_tend6	0.000124145378765686	0.000473653402120851	2.60076219670778e-05
vm_status05_delta1	0.000121835455519373	0.000552248374085614	0.000124836585441974
Visa_Finiciomora_lag1	0.000120308138564434	0.00221975026044994	0.000208927896468858
ccheques_emitidos_tend6	0.000119983120037276	0.000441089619360794	8.84259146880646e-05
Visa_msaldodolares_tend6	0.000119420320824063	0.000467772858585616	0.000267011585528666
mtarjeta_master_consumo_delta1	0.00011735435126284	0.000617335118218664	0.000230600914774757
ctarjeta_master_descuentos_tend6	0.000117062130821018	0.000250159009891351	9.10266768847724e-05
cinversion2_avg6	0.000117003568476521	0.000354374331476761	0.000106631250065019
minversion1_pesos_avg6	0.000115504275588473	0.000846668721416175	0.000110965853726199
mttarjeta_master_debitos_automaticos	0.000115435906868512	0.000336775493953024	0.000133505792764333
Master_status_avg6	0.000115227317960091	0.000647643647138411	0.000181186433037309
vmr_msaldodolares	0.000113841744789431	0.000459729949947722	0.000125703506174209
minversion2_lag1	0.000113592447931625	0.000888247750504239	0.000162114176928118
vm_status03_delta1	0.00011329504797362	0.000121582302393706	5.54829268630994e-05
mttarjeta_master_debitos_automaticos_lag1	0.000113113799161349	0.000326289655330351	0.000137840396425512
ccajas_depositos_delta1	0.000112993886534909	0.000325588754305214	0.000129171189103153
ccajas_consultas_lag1	0.000109823397349825	0.000588271166937113	0.000195057164753084
Master_mconsumosdolares_avg6	0.000109193024293959	0.000518352017674098	0.000110098932993963
Master_msaldodolares_lag1	0.000109091110459569	0.000171624868365632	4.42129573440323e-05
ccajas_extracciones	0.000108987318057214	0.00212240527324106	0.000156912652534703
active_quarter_delta1	0.000108431166726162	0.000248158761925158	0.000331163719714124
Master_delinquency_avg6	0.000107902898514803	0.000557973883980886	0.000143041920818928
Master_msaldodolares	0.00010706345885102	0.000255422924102117	7.02205793111101e-05
mcheques_emitidos_tend6	0.000105803426098349	0.000332673784348952	7.02205793111101e-05
mpayroll2_delta1	0.000105616498079956	2.81238909672582e-05	2.60076219670778e-05
mtarjeta_master_descuentos_avg6	0.000105611301371038	0.00236598970299133	0.000176851829376129
ctarjeta_master_debitos_automaticos_delta1	0.000105218717118671	8.14537835225924e-05	7.54221037045257e-05
mprestamos_prendarios_lag1	0.000105027003017227	0.00100349200311948	0.000118768140316322
Visa_msaldodolares_delta1	0.00010420674699765	0.000591151521087401	0.000183787195234017
Visa_mpagosdolares_delta1	0.000103365236970765	0.000367409498583235	0.000138707317157748
mcajeros_propios_descuentos_lag1	0.000103049786664348	0.000140564028301796	4.24791158795604e-05
ccajas_otras_lag1	0.000100719221202424	0.000114490042801991	7.88897866334694e-05
cprestamos_prendarios_avg6	0.000100548440386914	0.00159063915791043	0.000175117987911657
Master_mpagosdolares_delta1	9.76134827031199e-05	2.96380796270009e-05	1.73384146447185e-05
vmr_madelantopesos_tend6	9.65138444376521e-05	5.61754864547408e-05	1.30038109835389e-05
ccajas_extracciones_lag1	9.53172381228039e-05	0.000405231718623773	0.000111832774458435
mprestamos_prendarios_delta1	9.52168931657348e-05	0.0018028608591995	0.00017251722571495
vmr_mpagosdolares	9.51445568166165e-05	0.000515560608871654	7.71559451689975e-05
ctarjeta_master_tend6	9.44764962563228e-05	9.07858885240799e-05	7.88897866334694e-05
mforex_sell_lag1	9.41040729902524e-05	0.000224392024590511	8.75589939558287e-05
Master_Finiciomora	9.3997058347418e-05	0.000496507098663949	5.80836890598071e-05
ccajas_depositos	9.28074298023046e-05	0.00014215036638984	8.84259146880646e-05
Master_madelantopesos_tend6	9.23178271024792e-05	6.14851147769609e-05	1.38707317157748e-05
minversion2	9.2175841084701e-05	0.0015239768104727	0.000164714939124826
cseguro_vida	9.20958878016343e-05	0.000286770171107043	0.000211528658665566
ccajas_transacciones_lag1	8.94151191088539e-05	4.70130202406458e-05	0.000117901219584086
mcheques_emitidos_avg6	8.85748771594973e-05	0.000706244464375278	0.000108365091529491
minversion2_avg6	8.77917474737126e-05	0.00100965260035668	0.000125703506174209
cforex_sell_delta1	8.73756801392624e-05	9.97831705207484e-05	4.50798780762682e-05
tcuentas_lag1	8.6538815065291e-05	4.73275420905379e-05	0.000136106554961041
cseguro_vida_delta1	8.61279519525749e-05	8.50478912277556e-05	3.90114329506167e-05
mtarjeta_master_descuentos_delta1	8.49912898088609e-05	0.000494066286425548	6.67528963821664e-05
mcheques_depositados_delta1	8.46553137307738e-05	0.000214097148270478	7.54221037045257e-05
mcajeros_propios_descuentos_delta1	8.43242018946746e-05	0.000261751261457537	5.37490853986275e-05
vm_status02_delta1	8.28268205471854e-05	2.24151769915298e-05	2.08060975736623e-05
cseguro_accidentes_personales_delta1	8.18073593657054e-05	1.41895579592934e-05	2.77414634315497e-05
ctarjeta_visa_descuentos_delta1	8.08296293986364e-05	6.7878810167128e-05	4.68137195407401e-05
vm_status03_avg6	7.98652328787518e-05	2.23193672243929e-05	0.000147376524480108
cforex_delta1	7.94373807539505e-05	4.96489572487034e-05	4.59467988085041e-05
vm_status04_avg6	7.93183087172544e-05	4.91761156006766e-05	0.000248806250151711
Master_mpagosdolares_avg6	7.7758247950373e-05	0.000686961580327194	9.10266768847724e-05
Master_delinquency_tend6	7.75984927846693e-05	0.000513370713066091	0.000142175000086692
mtarjeta_master_descuentos	7.75189478572975e-05	0.000428148582429502	6.24182927209868e-05
mtarjeta_master_descuentos_tend6	7.52169625644592e-05	0.000473291413541814	7.45551829722898e-05
ccajas_depositos_lag1	7.42964883849577e-05	6.15920974818813e-05	7.28213415078179e-05
ctarjeta_visa_avg6	7.42913798423455e-05	0.000255814634156173	8.06236280979412e-05
cprestamos_hipotecarios	7.28758212946351e-05	0.000190767469972657	3.29429878249652e-05
Master_status_delta1	7.13194107532907e-05	6.89636805181836e-05	3.64106707539089e-05
mprestamos_prendarios	7.11437595239829e-05	0.0017212071312086	0.00014044115862222
cinversion2	7.05092911223878e-05	0.000448719348377911	7.62890244367616e-05
cpagodeservicios	6.94631214020222e-05	0.000253883468537321	1.99391768414263e-05
mforex_sell	6.81200529191784e-05	0.000474499624362911	0.000102296646403839
Master_msaldodolares_delta1	6.77069163793586e-05	2.9429445095972e-05	3.46768292894371e-05
mprestamos_hipotecarios_avg6	6.72369047220512e-05	0.000388336484077446	4.68137195407401e-05
ccajas_extracciones_delta1	6.72006931691634e-05	8.4826039038303e-05	6.50190549176945e-05
vm_mpagosdolares_lag1	6.69720573347426e-05	0.000292337507255655	8.3224390294649e-05
ccheques_emitidos_rechazados_avg6	6.5857018303503e-05	8.16525595791065e-05	2.77414634315497e-05
cseguro_vivienda_delta1	6.55553880306212e-05	0.000105958007776686	2.4273780502606e-05
tcuentas	6.55024615411378e-05	0.000304959640792825	0.000162114176928118
ctarjeta_debito_delta1	6.48196631377682e-05	0.00066918499815924	0.000114433536655142
vm_status05_lag1	6.46892737139143e-05	1.83848865583877e-05	4.33460366117964e-06
cprestamos_prendarios_tend6	6.4263431289825e-05	0.000416809292016793	0.000104030487868311
Master_cadelantosefectivo_tend6	6.2930096600021e-05	2.0013141419554e-05	1.56045731802467e-05
ctarjeta_master_debitos_automaticos_lag1	6.24752947010567e-05	0.000270345368359417	0.000101429725671603
cinversion1_avg6	6.19181884922977e-05	0.000182638463990666	7.02205793111101e-05
Master_fechaalta_delta1	6.13439616929274e-05	2.91818878470437e-05	0.0001447757622834
ctarjeta_visa_lag1	6.06348848819539e-05	7.97535983103363e-06	1.56045731802467e-05
vm_Fvencimiento_delta1	6.01059013041005e-05	6.73588669186415e-05	0.000215863262326746
ctarjeta_visa_tend6	5.95090441157102e-05	0.000121613265306257	8.06236280979412e-05
vm_mpagosdolares	5.88861921166589e-05	0.000279587140524054	5.80836890598071e-05
ccheques_emitidos_rechazados_tend6	5.87725499871055e-05	0.000120132376382653	3.20760670927293e-05
Master_madelantodolares_avg6	5.87420020249744e-05	0.000196996346274083	1.47376524480108e-05
minversion1_pesos	5.79937333525843e-05	0.00125277149103264	0.000120501981780794
mcheques_emitidos_rechazados_tend6	5.79220870067995e-05	0.000149871158501179	3.38099085572012e-05
minversion1_pesos_lag1	5.76409086418097e-05	0.000650502604747716	7.45551829722898e-05
cseguro_auto_lag1	5.72995211544808e-05	0.00022875721105421	4.94144817374479e-05
Visa_status_delta1	5.7249819040047e-05	9.50939688613291e-05	2.51407012348419e-05
vm_madelantodolares_avg6	5.69684200685892e-05	2.33702806076752e-05	7.80228659012335e-06
Master_Finiciomora_avg6	5.66262237615274e-05	0.00095160853133982	0.000111832774458435
mpayroll2_tend6	5.60755076505746e-05	1.8216124079841e-05	2.4273780502606e-05
minversion1_pesos_delta1	5.52820083053034e-05	0.000591162182845025	7.80228659012335e-05
mforex_buy_delta1	5.49438591280835e-05	0.000200438779523192	3.90114329506167e-05
vm_msaldodolares_lag1	5.44047256396776e-05	0.000380349805257155	0.000109232012261727
mcheques_emitidos	5.41563851462257e-05	0.000344964673142424	3.46768292894371e-05
mcheques_emitidos_delta1	5.38039548287999e-05	0.00046661839470706	4.85475610052119e-05
cinversion2_tend6	5.26921689532715e-05	0.000508617467835193	4.85475610052119e-05
Master_delinquency	5.15352425901876e-05	6.05595135586229e-06	1.73384146447185e-05
tcallcenter_lag1	5.1492583620977e-05	9.3664051902254e-05	0.000143041920818928
cinversion2_delta1	4.99816140599925e-05	3.26413360929078e-05	1.04030487868311e-05
vm_status05	4.95928430234731e-05	7.03176507106259e-05	2.4273780502606e-05
Visa_delinquency_lag1	4.93543686772139e-05	0.000223434803227989	4.24791158795604e-05
vm_status06	4.78689812575012e-05	6.16973275691101e-05	2.68745426993137e-05
vm_fechaalta_delta1	4.73636022664796e-05	0.000253173293243567	0.00011703429885185
Visa_mpagosdolares	4.71667689513351e-05	0.000200343188833266	0.000107498170797255
mprestamos_hipotecarios_delta1	4.69137937544033e-05	0.000208841412942273	4.94144817374479e-05
Master_madelantopesos	4.63797745559755e-05	8.07934848073094e-06	1.73384146447185e-05
cforex	4.40907888863746e-05	4.49034527459437e-05	2.4273780502606e-05
cforex_buy_avg6	4.32149591257557e-05	0.000279097356905009	4.50798780762682e-05
Visa_madelantopesos_lag1	4.30349174475262e-05	3.30740866112408e-06	9.5361280545952e-06
mprestamos_hipotecarios_tend6	4.24292163688547e-05	0.00104147765475976	6.67528963821664e-05
ctarjeta_master_descuentos_lag1	4.20855106668133e-05	0.00010590900750706	1.82053353769545e-05
cprestamos_prendarios_lag1	4.11680105465069e-05	9.71063390998886e-05	5.63498475953353e-05
Visa_cadelantosefectivo_avg6	4.09146431046816e-05	8.8701733985905e-05	1.64714939124826e-05
mtarjeta_master_descuentos_lag1	4.05899855425136e-05	3.57201741967618e-05	2.16730183058982e-05
ctarjeta_master_descuentos	3.99365102329363e-05	2.24996677694089e-05	2.77414634315497e-05
Master_mconsumosdolares_delta1	3.85346749397677e-05	0.000123995583929203	3.5543750021673e-05
vm_madelantopesos_tend6	3.78889984470024e-05	7.79424139776168e-05	8.66920732235927e-06
Master_Finiciomora_tend6	3.74040088905541e-05	0.000740176311295047	7.80228659012335e-05
mplazo_fijo_pesos_avg6	3.72836649714667e-05	7.83936400074481e-05	1.47376524480108e-05
cforex_buy_delta1	3.68042693649899e-05	0.000127811835926767	2.340685977037e-05
cpayroll2_trx_tend6	3.66100739035158e-05	9.76288382491752e-06	1.2136890251303e-05
mcheques_depositados_lag1	3.56006186763989e-05	0.000331071380598735	6.76198171144023e-05
Visa_cadelantosefectivo_tend6	3.47363623237322e-05	1.41975907903796e-05	1.12699695190671e-05
ccajeros_propios_descuentos	3.4329358095636e-05	5.56308605070986e-05	2.94753048960215e-05
mpagodeservicios_lag1	3.41021281626023e-05	1.86217820496925e-05	1.2136890251303e-05
cpagodeservicios_lag1	3.39464031619554e-05	9.84297115084662e-05	1.38707317157748e-05
cforex_lag1	3.3717530873181e-05	3.93274265346114e-05	3.81445122183808e-05
vm_status06_lag1	3.34691273376978e-05	1.00768214689124e-06	3.46768292894371e-06
mpagodeservicios	3.31376047701674e-05	0.000155204228085024	1.30038109835389e-05
mpagodeservicios_delta1	3.29893446250685e-05	0.000325770734442184	3.38099085572012e-05
cprestamos_prendarios	3.15702987681773e-05	6.55738988255577e-05	5.46160061308634e-05
mcajeros_propios_descuentos	3.13683893869878e-05	6.17826946558349e-05	1.90722561091904e-05
cpayroll2_trx_delta1	3.07855035774172e-05	7.39151906254349e-06	1.12699695190671e-05
mprestamos_hipotecarios_lag1	3.07140562153946e-05	0.000228339868966415	3.03422256282575e-05
mforex_buy	3.04002425167529e-05	0.000489867817719756	3.5543750021673e-05
vmr_mpagosdolares_lag1	2.95332403031234e-05	0.00014978104474154	7.1087500043346e-05
Visa_delinquency_delta1	2.89931831657461e-05	4.60306049988074e-05	5.28821646663916e-05
cinversion1	2.75002028563793e-05	0.000404946991274637	5.37490853986275e-05
vm_status01_lag1	2.71350644655281e-05	0.00170646600985663	9.27605183492442e-05
ccheques_depositados	2.66389630535805e-05	2.9290331066707e-05	1.38707317157748e-05
ctarjeta_master_descuentos_delta1	2.65115862809374e-05	0.000320285917376549	3.12091463604934e-05
mcheques_emitidos_lag1	2.63453745486315e-05	1.56299906245177e-05	1.2136890251303e-05
Visa_cadelantosefectivo_delta1	2.61327986847471e-05	3.05143154470276e-05	6.93536585788742e-06
mplazo_fijo_pesos_tend6	2.60765389743285e-05	6.05722930626236e-05	1.2136890251303e-05
ccheques_depositados_delta1	2.59944022810191e-05	7.40678144160721e-05	2.68745426993137e-05
cforex_sell_lag1	2.57046065411054e-05	5.77439332371838e-05	2.77414634315497e-05
vmr_madelantopesos_avg6	2.56895691693451e-05	0.000409855270145497	3.12091463604934e-05
Visa_madelantopesos_avg6	2.55886692310148e-05	6.25708614368623e-05	2.08060975736623e-05
mprestamos_hipotecarios	2.52282603073518e-05	0.000173636362295346	3.38099085572012e-05
ccheques_emitidos	2.50912013410192e-05	0.000425419318529371	3.29429878249652e-05
Visa_fechaalta_delta1	2.50385290428179e-05	2.83515852156825e-05	0.000126570426906445
ctarjeta_visa	2.38594218514753e-05	5.52154901142066e-06	2.4273780502606e-05
mcheques_emitidos_rechazados_delta1	2.36961988070969e-05	3.04889755162376e-06	7.80228659012335e-06
mcheques_emitidos_rechazados_lag1	2.21905110035919e-05	5.16138607581173e-06	8.66920732235927e-06
tcuentas_delta1	2.20488059357267e-05	0.000152742968640222	4.68137195407401e-05
ctarjeta_master	2.13625749908842e-05	4.18707669079666e-06	2.60076219670778e-05
cforex_sell	2.0836066030934e-05	8.49822410900604e-05	2.16730183058982e-05
Master_mconsumosdolares	2.08309608140995e-05	8.54692497310937e-05	3.29429878249652e-05
vm_cadelantosefectivo_tend6	2.08162086945662e-05	1.01316637975098e-05	6.93536585788742e-06
ccheques_emitidos_delta1	2.08129140855768e-05	0.000202017157805887	2.25399390381341e-05
vmr_madelantopesos_lag1	2.06184273113082e-05	2.64248011410593e-05	7.80228659012335e-06
ccheques_depositados_lag1	2.04400143140789e-05	0.000113758690044464	2.4273780502606e-05
vmr_madelantopesos_delta1	2.0119693614797e-05	4.33351520149751e-05	6.93536585788742e-06
Master_mpagosdolares	1.97182394267324e-05	4.26197918938832e-05	1.64714939124826e-05
Master_cadelantosefectivo_delta1	1.92193462232389e-05	5.41668405287759e-06	6.93536585788742e-06
Visa_delinquency	1.88410365972829e-05	1.80146460710525e-05	5.02814024696838e-05
cforex_buy	1.86041587191279e-05	2.93316636339321e-05	9.5361280545952e-06
ctarjeta_visa_descuentos_lag1	1.83803494388158e-05	1.56859283391723e-06	9.5361280545952e-06
cseguro_auto_delta1	1.82618284847946e-05	1.88304165807215e-06	7.80228659012335e-06
vm_madelantopesos_delta1	1.8235616734512e-05	8.90220248690316e-06	6.06844512565149e-06
cprestamos_hipotecarios_avg6	1.81097665352808e-05	0.000529933242353975	4.59467988085041e-05
cprestamos_hipotecarios_tend6	1.71732483094135e-05	4.53029765538749e-06	1.56045731802467e-05
Visa_madelantopesos_tend6	1.69889084954928e-05	3.8587456740101e-05	1.56045731802467e-05
cseguro_auto_tend6	1.6946726002377e-05	0.000108352448671998	2.25399390381341e-05
vm_cadelantosefectivo_delta1	1.68405289898206e-05	1.05136614285257e-05	7.80228659012335e-06
vm_madelantopesos_avg6	1.68402908036201e-05	3.96298261121371e-05	7.80228659012335e-06
Master_mpagosdolares_lag1	1.59484786013871e-05	2.79235083445268e-05	2.08060975736623e-05
ctarjeta_visa_descuentos	1.54308873425058e-05	7.71492814464634e-05	2.340685977037e-05
cprestamos_hipotecarios_lag1	1.52490924603724e-05	0.000142963069818549	1.99391768414263e-05
ccheques_emitidos_lag1	1.47549836067445e-05	4.61118096185149e-05	1.2136890251303e-05
mplazo_fijo_pesos	1.46833190998577e-05	6.308642314112e-05	1.2136890251303e-05
ccajeros_propios_descuentos_lag1	1.46536086992192e-05	3.27394096578962e-05	1.73384146447185e-05
Master_cadelantosefectivo	1.45228536063352e-05	2.86290099911039e-06	6.06844512565149e-06
Master_delinquency_lag1	1.42353241479108e-05	5.5384617721439e-05	8.66920732235927e-06
mplazo_fijo_pesos_delta1	1.40061261664644e-05	7.20325871217857e-06	1.04030487868311e-05
ccuenta_corriente_lag1	1.29997503619033e-05	5.4272727847639e-07	2.60076219670778e-06
cinversion1_lag1	1.29889941658882e-05	3.86328057228693e-05	2.16730183058982e-05
vm_Finiciomora_delta1	1.25604844433684e-05	0.000326187857452768	3.81445122183808e-05
mplazo_fijo_pesos_lag1	1.22959864942465e-05	2.15107532369644e-05	7.80228659012335e-06
cpagodeservicios_delta1	1.22075007793707e-05	1.53500099482962e-06	9.5361280545952e-06
vmr_madelantopesos	1.20763103381865e-05	2.17339198896856e-06	2.60076219670778e-06
Master_cadelantosefectivo_avg6	1.16938839618566e-05	0.000127470659682816	1.2136890251303e-05
Master_madelantopesos_delta1	1.13910893318542e-05	1.99017041446677e-06	5.20152439341556e-06
ccheques_depositados_rechazados_avg6	1.13855680282899e-05	0.000562807530548382	2.60076219670778e-05
vm_madelantopesos_lag1	1.11375033440285e-05	5.82526305221497e-07	8.66920732235927e-07
vm_cadelantosefectivo_avg6	1.07239016217702e-05	9.39539640787275e-05	8.66920732235927e-06
Visa_status_lag1	1.06953412979257e-05	0.000528990991267568	3.20760670927293e-05
mforex_buy_lag1	1.04966880005606e-05	0.000101321749776698	7.80228659012335e-06
ctarjeta_visa_delta1	1.0033270491004e-05	3.89418506424753e-05	1.12699695190671e-05
vmr_madelantodolares_avg6	9.96661261014281e-06	2.75596941220606e-05	3.46768292894371e-06
Master_madelantopesos_avg6	9.36360996157063e-06	8.03996570068757e-05	1.47376524480108e-05
vm_status02_lag1	9.24865233258389e-06	5.65378401624642e-05	1.90722561091904e-05
cliente_vip_lag1	9.13171739150232e-06	7.90503604616109e-07	3.46768292894371e-06
Master_delinquency_delta1	8.97538202977332e-06	7.51741543338489e-06	6.93536585788742e-06
Master_madelantodolares	8.45813411199266e-06	2.25802881832191e-06	5.20152439341556e-06
Master_Finiciomora_lag1	8.02716396765992e-06	8.92493539887702e-05	1.47376524480108e-05
Master_madelantodolares_lag1	7.8418513013645e-06	1.16782758845458e-06	6.93536585788742e-06
ccheques_depositados_rechazados_tend6	6.86527046801507e-06	0.000397917679868342	1.99391768414263e-05
ccaja_seguridad_delta1	6.25627170449535e-06	4.8509536671999e-06	3.46768292894371e-06
ctarjeta_master_lag1	6.0668738353883e-06	1.11079448774278e-06	5.20152439341556e-06
Visa_madelantodolares_avg6	5.92709054979548e-06	1.87091938570575e-07	3.46768292894371e-06
Master_mconsumosdolares_lag1	5.90531511465455e-06	5.58299286665613e-05	2.68745426993137e-05
Visa_madelantopesos	5.77705994321013e-06	4.36306871732089e-06	1.2136890251303e-05
Visa_Finiciomora_delta1	5.47943466598301e-06	2.7008422832338e-05	7.80228659012335e-06
minversion1_dolares	5.41108374303743e-06	0.00117344450907871	3.29429878249652e-05
minversion1_dolares_lag1	5.12306085311936e-06	0.00124599557893424	3.5543750021673e-05
vmr_madelantodolares_tend6	5.0588772396457e-06	2.95513250512703e-06	1.73384146447185e-06
vm_cadelantosefectivo_lag1	4.86870417478854e-06	7.48659857230887e-07	1.73384146447185e-06
mcheques_emitidos_rechazados	4.84069899970067e-06	8.12557377234498e-07	1.73384146447185e-06
vm_status03_lag1	4.71901400160003e-06	1.50067889837053e-07	5.20152439341556e-06
vm_status03	4.70075998554665e-06	4.86935615296094e-07	1.30038109835389e-05
Visa_madelantopesos_delta1	4.35128805257088e-06	9.97984328998121e-06	2.60076219670778e-06
ccheques_emitidos_rechazados_lag1	4.24080018198961e-06	7.17916021892006e-07	2.60076219670778e-06
ccheques_emitidos_rechazados_delta1	3.89446421491497e-06	8.70247709580616e-07	2.60076219670778e-06
vm_madelantodolares_tend6	3.85503365388936e-06	2.76176035316181e-06	8.66920732235927e-07
cforex_buy_lag1	3.75141623168504e-06	2.47571854075707e-06	6.06844512565149e-06
cinversion1_delta1	2.94313532277008e-06	1.55092060552766e-06	4.33460366117964e-06
Master_cadelantosefectivo_lag1	2.77015546609217e-06	1.40404394040393e-05	5.20152439341556e-06
ccuenta_corriente_avg6	2.68465476650635e-06	9.60215417745701e-07	1.73384146447185e-06
mpayroll2_avg6	2.47221255959536e-06	3.01576577468017e-05	5.20152439341556e-06
mcheques_depositados_rechazados_avg6	2.46988749822688e-06	0.000362641210050485	1.47376524480108e-05
vm_status04_lag1	2.45403354839549e-06	8.32201300527037e-07	6.06844512565149e-06
ccuenta_corriente	2.44620945734205e-06	1.19864444953061e-06	2.60076219670778e-06
Master_status_lag1	2.26091367641481e-06	4.50700974781131e-05	8.66920732235927e-06
Visa_madelantodolares_delta1	1.85366649314083e-06	8.10585682331529e-08	1.73384146447185e-06
minversion1_dolares_delta1	1.80740199284058e-06	0.000263425595558843	8.66920732235927e-06
minversion1_dolares_avg6	1.6691415311633e-06	0.000306643906394383	1.12699695190671e-05
cprestamos_prendarios_delta1	1.5037367856026e-06	2.07991904542042e-06	1.2136890251303e-05
ccheques_emitidos_rechazados	1.43153703349286e-06	8.14675123611761e-07	6.93536585788742e-06
mpayroll2	1.41712096472911e-06	9.10850019434339e-07	3.46768292894371e-06
mcheques_depositados_rechazados_tend6	1.00316885353542e-06	9.9884822346857e-05	1.38707317157748e-05
mcheques_depositados_rechazados	9.4605385887473e-07	4.70723901649463e-07	3.46768292894371e-06
cliente_vip_avg6	8.87504088967312e-07	2.31060734906774e-05	1.73384146447185e-06
Visa_cadelantosefectivo_lag1	7.54041595345951e-07	2.14038435577812e-07	2.60076219670778e-06
mcuenta_corriente_adicional_lag1	7.12457756791444e-07	1.44883062499618e-07	2.60076219670778e-06
mcuenta_corriente_adicional_tend6	5.61070664116958e-07	4.25009790195451e-08	8.66920732235927e-07
vm_cadelantosefectivo	3.78175647874968e-07	2.13914291824662e-06	1.73384146447185e-06
cpayroll2_trx	3.4004991610645e-07	1.00775517262839e-06	2.60076219670778e-06
ccheques_depositados_rechazados	2.45725060389385e-07	3.43147938853681e-07	3.46768292894371e-06
Visa_madelantodolares_tend6	1.84662553029366e-07	5.86250617815993e-07	2.60076219670778e-06
Master_madelantopesos_lag1	1.63330469883363e-07	1.72209293340019e-06	7.80228659012335e-06
Master_Finiciomora_delta1	1.25916983263258e-07	5.11732234601724e-05	4.33460366117964e-06
Visa_cadelantosefectivo	9.1407374804583e-08	4.67145640529261e-07	3.46768292894371e-06
cpayroll2_trx_lag1	8.0005575799158e-08	3.20436934600969e-07	2.60076219670778e-06
ccheques_depositados_rechazados_delta1	5.46646689158515e-08	2.20245623235306e-07	1.73384146447185e-06
Visa_madelantodolares	5.20440555103724e-08	9.3772349070443e-07	5.20152439341556e-06
Visa_madelantodolares_lag1	3.3220656188133e-08	5.75588860192533e-07	3.46768292894371e-06
vm_madelantopesos	3.17358088651841e-08	1.43313009150957e-05	1.73384146447185e-06
cpayroll2_trx_avg6	2.23238049205519e-08	3.36356545299011e-07	1.73384146447185e-06
Master_madelantodolares_delta1	1.2470797673449e-08	2.85019452084681e-07	1.73384146447185e-06
mpayroll2_lag1	9.56217733006945e-09	1.13043841103532e-06	1.73384146447185e-06
mcheques_depositados_rechazados_delta1	7.72964083884503e-09	1.57808617974634e-07	1.73384146447185e-06
