fecha	objective	metric	first_metric_only	boost_from_average	feature_pre_filter	verbosity	max_depth	min_gain_to_split	lambda_l1	lambda_l2	max_bin	num_iterations	force_row_wise	seed	learning_rate	feature_fraction	min_data_in_leaf	num_leaves	envios	ganancia	iteracion
20220926 181619	binary	custom	TRUE	TRUE	FALSE	-100	-1	0	0	0	31	39	TRUE	309367	0.184683537537581	0.92192628281191	6531	370	6068	24590000	1
20220926 181753	binary	custom	TRUE	TRUE	FALSE	-100	-1	0	0	0	31	166	TRUE	309367	0.0402078149985755	0.509600594341755	982	667	9543	26920000	2
20220926 181819	binary	custom	TRUE	TRUE	FALSE	-100	-1	0	0	0	31	129	TRUE	309367	0.275358040429535	0.440957123218104	5228	1015	12515	24650000	3
20220926 181837	binary	custom	TRUE	TRUE	FALSE	-100	-1	0	0	0	31	83	TRUE	309367	0.177695338854159	0.854004289414734	2579	141	8136	25570000	4
20220926 181858	binary	custom	TRUE	TRUE	FALSE	-100	-1	0	0	0	31	61	TRUE	309367	0.0852484129206277	0.59947309515439	3541	518	7866	25630000	5
20220926 181912	binary	custom	TRUE	TRUE	FALSE	-100	-1	0	0	0	31	37	TRUE	309367	0.293587573396566	0.52879766466096	3668	461	11892	24540000	6
20220926 181933	binary	custom	TRUE	TRUE	FALSE	-100	-1	0	0	0	31	79	TRUE	309367	0.118952183026937	0.371907975431532	5889	553	10808	25430000	7
20220926 182028	binary	custom	TRUE	TRUE	FALSE	-100	-1	0	0	0	31	151	TRUE	309367	0.107084820829332	0.702979442896321	343	357	14018	23730000	8
20220926 182050	binary	custom	TRUE	TRUE	FALSE	-100	-1	0	0	0	31	153	TRUE	309367	0.148862115047232	0.910320083014667	6146	586	8643	25840000	9
20220926 182130	binary	custom	TRUE	TRUE	FALSE	-100	-1	0	0	0	31	184	TRUE	309367	0.0786483363980078	0.232260218923911	4346	42	11137	26370000	10
20220926 182144	binary	custom	TRUE	TRUE	FALSE	-100	-1	0	0	0	31	32	TRUE	309367	0.206865169060417	0.729035700103268	1620	766	9201	25280000	11
20220926 182206	binary	custom	TRUE	TRUE	FALSE	-100	-1	0	0	0	31	97	TRUE	309367	0.127420177132939	0.605897953677923	7790	287	12040	25520000	12
20220926 182219	binary	custom	TRUE	TRUE	FALSE	-100	-1	0	0	0	31	23	TRUE	309367	0.221246996129456	0.410185136301443	4911	230	6811	24460000	13
20220926 182246	binary	custom	TRUE	TRUE	FALSE	-100	-1	0	0	0	31	31	TRUE	309367	0.0580589141044184	0.318364784298465	655	957	5628	24750000	14
20220926 182420	binary	custom	TRUE	TRUE	FALSE	-100	-1	0	0	0	31	646	TRUE	309367	0.0192907929886715	0.773989324895665	4615	845	10373	26220000	15
20220926 182431	binary	custom	TRUE	TRUE	FALSE	-100	-1	0	0	0	31	14	TRUE	309367	0.262131350325013	0.991374373175204	2846	718	13684	23280000	16
20220926 182454	binary	custom	TRUE	TRUE	FALSE	-100	-1	0	0	0	31	117	TRUE	309367	0.229315639825538	0.333527695052326	2323	90	13087	24550000	17
20220926 182506	binary	custom	TRUE	TRUE	FALSE	-100	-1	0	0	0	31	28	TRUE	309367	0.244148258432804	0.665141507070512	7557	780	5028	23550000	18
20220926 182540	binary	custom	TRUE	TRUE	FALSE	-100	-1	0	0	0	31	169	TRUE	309367	0.15448789232166	0.266684903642163	7097	880	14947	22990000	19
20220926 182640	binary	custom	TRUE	TRUE	FALSE	-100	-1	0	0	0	31	293	TRUE	309367	0.0309775553983636	0.821426910599694	1441	197	7420	26680000	20
20220926 183301	binary	custom	TRUE	TRUE	FALSE	-100	-1	0	0	0	31	3147	TRUE	309367	0.00522719395791755	0.805878342594011	244	17	9320	27040000	21
20220926 183359	binary	custom	TRUE	TRUE	FALSE	-100	-1	0	0	0	31	126	TRUE	309367	0.0307315049210374	0.999304493641834	643	296	9078	26490000	22
20220926 183657	binary	custom	TRUE	TRUE	FALSE	-100	-1	0	0	0	31	497	TRUE	309367	0.00511480748190131	0.383003305894425	597	32	9601	26400000	23
20220926 183735	binary	custom	TRUE	TRUE	FALSE	-100	-1	0	0	0	31	196	TRUE	309367	0.0388709780617214	0.703683130799917	627	31	9460	26440000	24
20220926 184932	binary	custom	TRUE	TRUE	FALSE	-100	-1	0	0	0	31	1393	TRUE	309367	0.00524949180266611	0.831303323482504	8	618	8745	26830000	25
20220926 185253	binary	custom	TRUE	TRUE	FALSE	-100	-1	0	0	0	31	995	TRUE	309367	0.00523315617643395	0.861731099609589	4031	37	8911	26180000	26
20220926 185836	binary	custom	TRUE	TRUE	FALSE	-100	-1	0	0	0	31	756	TRUE	309367	0.0141840450199882	0.536137444060238	4	673	10392	26420000	27
20220926 185940	binary	custom	TRUE	TRUE	FALSE	-100	-1	0	0	0	31	456	TRUE	309367	0.0485502442248714	0.202191444253815	4783	896	9936	26610000	28
20220926 190721	binary	custom	TRUE	TRUE	FALSE	-100	-1	0	0	0	31	344	TRUE	309367	0.0311319925184539	0.598134017504262	70	1008	9161	27440000	29
20220926 191555	binary	custom	TRUE	TRUE	FALSE	-100	-1	0	0	0	31	387	TRUE	309367	0.0283318485463033	0.614290115820395	47	1008	8341	27560000	30
20220926 191827	binary	custom	TRUE	TRUE	FALSE	-100	-1	0	0	0	31	159	TRUE	309367	0.0336796002753312	0.685951397230754	63	1019	8224	27320000	31
20220926 192043	binary	custom	TRUE	TRUE	FALSE	-100	-1	0	0	0	31	197	TRUE	309367	0.0282385684874506	0.442704021653407	160	1018	8512	26660000	32
20220926 192216	binary	custom	TRUE	TRUE	FALSE	-100	-1	0	0	0	31	448	TRUE	309367	0.0273492471666353	0.630449768009607	1371	962	8384	26680000	33
20220926 192350	binary	custom	TRUE	TRUE	FALSE	-100	-1	0	0	0	31	237	TRUE	309367	0.00547498223401014	0.816694773472136	1	16	6843	25280000	34
20220926 192819	binary	custom	TRUE	TRUE	FALSE	-100	-1	0	0	0	31	1420	TRUE	309367	0.00512493980936715	0.203138733180485	3023	425	9788	26190000	35
20220926 193345	binary	custom	TRUE	TRUE	FALSE	-100	-1	0	0	0	31	1628	TRUE	309367	0.00525704606011637	0.854423959200878	1497	152	9472	26980000	36
20220926 194044	binary	custom	TRUE	TRUE	FALSE	-100	-1	0	0	0	31	3702	TRUE	309367	0.00500692083472498	0.80327412029765	6238	35	10944	26040000	37
20220926 194213	binary	custom	TRUE	TRUE	FALSE	-100	-1	0	0	0	31	154	TRUE	309367	0.102943520172754	0.599624100921908	41	1017	8307	25710000	38
20220926 194303	binary	custom	TRUE	TRUE	FALSE	-100	-1	0	0	0	31	275	TRUE	309367	0.0468111848747908	0.335264238707917	6671	277	9992	26180000	39
20220926 194510	binary	custom	TRUE	TRUE	FALSE	-100	-1	0	0	0	31	276	TRUE	309367	0.023589579488978	0.617701385268425	3	408	8421	26360000	40
20220926 195656	binary	custom	TRUE	TRUE	FALSE	-100	-1	0	0	0	31	925	TRUE	309367	0.0058623874792654	0.609584763927081	6	1024	8217	26690000	41
20220926 195949	binary	custom	TRUE	TRUE	FALSE	-100	-1	0	0	0	31	392	TRUE	309367	0.0323909479742203	0.807701966014129	14	652	9534	26060000	42
20220926 200438	binary	custom	TRUE	TRUE	FALSE	-100	-1	0	0	0	31	1222	TRUE	309367	0.00890217640350842	0.49495985243624	1073	608	8751	27220000	43
20220926 201435	binary	custom	TRUE	TRUE	FALSE	-100	-1	0	0	0	31	3050	TRUE	309367	0.00510954932423405	0.561622965264611	1368	673	8471	27300000	44
20220926 201727	binary	custom	TRUE	TRUE	FALSE	-100	-1	0	0	0	31	593	TRUE	309367	0.00827394615368055	0.454232968765175	2175	652	9188	26670000	45
20220926 202029	binary	custom	TRUE	TRUE	FALSE	-100	-1	0	0	0	31	364	TRUE	309367	0.0297387615557113	0.686529411210736	1	985	8571	25820000	46
20220926 202323	binary	custom	TRUE	TRUE	FALSE	-100	-1	0	0	0	31	351	TRUE	309367	0.0343521681690779	0.614846519026717	177	866	8116	27210000	47
20220926 202548	binary	custom	TRUE	TRUE	FALSE	-100	-1	0	0	0	31	110	TRUE	309367	0.0280832403865908	0.580299957667693	220	948	8319	27610000	48
20220926 202923	binary	custom	TRUE	TRUE	FALSE	-100	-1	0	0	0	31	410	TRUE	309367	0.0285145171370398	0.570690452835394	20	789	7923	27280000	49
20220926 203549	binary	custom	TRUE	TRUE	FALSE	-100	-1	0	0	0	31	1539	TRUE	309367	0.00632008765491844	0.578614489580505	922	733	9017	27090000	50
20220926 203857	binary	custom	TRUE	TRUE	FALSE	-100	-1	0	0	0	31	346	TRUE	309367	0.0276129120002112	0.575718936686288	70	791	9103	26840000	51
20220926 204405	binary	custom	TRUE	TRUE	FALSE	-100	-1	0	0	0	31	1298	TRUE	309367	0.00667218041732748	0.505415487425047	1395	715	9213	27420000	52
20220926 204523	binary	custom	TRUE	TRUE	FALSE	-100	-1	0	0	0	31	215	TRUE	309367	0.031673130004961	0.611589154485555	524	963	8458	26930000	53
20220926 204958	binary	custom	TRUE	TRUE	FALSE	-100	-1	0	0	0	31	1329	TRUE	309367	0.00832390072753837	0.563508033991602	1450	742	8921	26960000	54
20220926 205300	binary	custom	TRUE	TRUE	FALSE	-100	-1	0	0	0	31	284	TRUE	309367	0.0332889650062157	0.597425479131907	33	1007	8985	27550000	55
20220926 205727	binary	custom	TRUE	TRUE	FALSE	-100	-1	0	0	0	31	865	TRUE	309367	0.00509550794747595	0.794071242823175	877	529	9232	26900000	56
20220926 210508	binary	custom	TRUE	TRUE	FALSE	-100	-1	0	0	0	31	2149	TRUE	309367	0.00524670923791563	0.471154189863984	1230	616	8634	27380000	57
20220926 210729	binary	custom	TRUE	TRUE	FALSE	-100	-1	0	0	0	31	143	TRUE	309367	0.0314726087079317	0.560882887560014	88	996	8748	26830000	58
20220926 211005	binary	custom	TRUE	TRUE	FALSE	-100	-1	0	0	0	31	245	TRUE	309367	0.0345458499548199	0.632209112312505	59	890	9465	27310000	59
20220926 211852	binary	custom	TRUE	TRUE	FALSE	-100	-1	0	0	0	31	2555	TRUE	309367	0.00569188267823138	0.516707380264785	1167	994	8723	27360000	60
20220926 212612	binary	custom	TRUE	TRUE	FALSE	-100	-1	0	0	0	31	2134	TRUE	309367	0.00678860240794555	0.465137195402766	1137	949	9756	27130000	61
20220926 212748	binary	custom	TRUE	TRUE	FALSE	-100	-1	0	0	0	31	299	TRUE	309367	0.0263087073753047	0.588222095112357	597	950	8342	2.7e+07	62
20220926 213456	binary	custom	TRUE	TRUE	FALSE	-100	-1	0	0	0	31	731	TRUE	309367	0.00550508124754299	0.712712790546896	253	674	9382	27160000	63
20220926 213945	binary	custom	TRUE	TRUE	FALSE	-100	-1	0	0	0	31	1273	TRUE	309367	0.00503895997497508	0.690955348296628	1330	818	9089	26950000	64
20220926 214419	binary	custom	TRUE	TRUE	FALSE	-100	-1	0	0	0	31	1057	TRUE	309367	0.0067524951877942	0.506629415717566	1299	597	8041	26800000	65
20220926 215130	binary	custom	TRUE	TRUE	FALSE	-100	-1	0	0	0	31	1833	TRUE	309367	0.00511563297482315	0.534014754883196	1219	699	9400	27040000	66
20220926 215557	binary	custom	TRUE	TRUE	FALSE	-100	-1	0	0	0	31	836	TRUE	309367	0.00528016642717256	0.467980336080065	1535	986	8859	26930000	67
20220926 215934	binary	custom	TRUE	TRUE	FALSE	-100	-1	0	0	0	31	376	TRUE	309367	0.00648554415564381	0.478950626499986	678	791	8763	26960000	68
20220926 220330	binary	custom	TRUE	TRUE	FALSE	-100	-1	0	0	0	31	855	TRUE	309367	0.00734648608346538	0.410752816154738	1155	828	8995	27050000	69
20220926 220530	binary	custom	TRUE	TRUE	FALSE	-100	-1	0	0	0	31	222	TRUE	309367	0.0324750280017976	0.598392520163581	234	986	10799	26490000	70
20220926 221100	binary	custom	TRUE	TRUE	FALSE	-100	-1	0	0	0	31	360	TRUE	309367	0.00787561853036618	0.797223032532782	259	741	9678	26970000	71
20220926 221300	binary	custom	TRUE	TRUE	FALSE	-100	-1	0	0	0	31	215	TRUE	309367	0.0276863087140926	0.639995225771291	228	990	7600	27360000	72
20220926 221610	binary	custom	TRUE	TRUE	FALSE	-100	-1	0	0	0	31	366	TRUE	309367	0.0381624332488589	0.699448100638934	69	920	8256	27570000	73
20220926 221750	binary	custom	TRUE	TRUE	FALSE	-100	-1	0	0	0	31	122	TRUE	309367	0.0276106871991759	0.601443099393951	222	822	7904	26920000	74
20220926 221929	binary	custom	TRUE	TRUE	FALSE	-100	-1	0	0	0	31	357	TRUE	309367	0.028283111171007	0.67262011049513	585	823	7697	27330000	75
20220926 222201	binary	custom	TRUE	TRUE	FALSE	-100	-1	0	0	0	31	236	TRUE	309367	0.0372734207988426	0.670859378678264	123	888	8612	27340000	76
20220926 222350	binary	custom	TRUE	TRUE	FALSE	-100	-1	0	0	0	31	309	TRUE	309367	0.0284752399467166	0.592869049835626	443	1013	9051	26220000	77
20220926 222515	binary	custom	TRUE	TRUE	FALSE	-100	-1	0	0	0	31	19	TRUE	309367	0.028192283122077	0.727528708829617	147	865	7689	25910000	78
20220926 222631	binary	custom	TRUE	TRUE	FALSE	-100	-1	0	0	0	31	208	TRUE	309367	0.0368279997769848	0.682439743903718	425	981	7596	26730000	79
20220926 222731	binary	custom	TRUE	TRUE	FALSE	-100	-1	0	0	0	31	116	TRUE	309367	0.0272841925670397	0.653191948804316	749	968	7219	26450000	80
20220926 223339	binary	custom	TRUE	TRUE	FALSE	-100	-1	0	0	0	31	1390	TRUE	309367	0.0059645108339568	0.666810138508472	622	701	8549	27150000	81
20220926 224135	binary	custom	TRUE	TRUE	FALSE	-100	-1	0	0	0	31	1494	TRUE	309367	0.00500466187046855	0.754708671054536	456	701	8747	27550000	82
20220926 224607	binary	custom	TRUE	TRUE	FALSE	-100	-1	0	0	0	31	813	TRUE	309367	0.00761814217945568	0.735972202685559	559	556	8814	27180000	83
20220926 225336	binary	custom	TRUE	TRUE	FALSE	-100	-1	0	0	0	31	940	TRUE	309367	0.00506059568927434	0.768619423158441	329	953	9014	27260000	84
20220926 225540	binary	custom	TRUE	TRUE	FALSE	-100	-1	0	0	0	31	142	TRUE	309367	0.0334311014994734	0.638202875784475	21	900	8282	26320000	85
20220926 225715	binary	custom	TRUE	TRUE	FALSE	-100	-1	0	0	0	31	88	TRUE	309367	0.0356357970965692	0.704693029870264	112	719	9101	26440000	86
20220926 230000	binary	custom	TRUE	TRUE	FALSE	-100	-1	0	0	0	31	304	TRUE	309367	0.037392178659734	0.610062834000272	83	821	9512	27140000	87
20220926 230510	binary	custom	TRUE	TRUE	FALSE	-100	-1	0	0	0	31	749	TRUE	309367	0.00510515812469672	0.751609043749887	521	604	9973	27340000	88
20220926 231350	binary	custom	TRUE	TRUE	FALSE	-100	-1	0	0	0	31	2365	TRUE	309367	0.00508142611899666	0.721130745713274	721	670	9027	26990000	89
20220926 231749	binary	custom	TRUE	TRUE	FALSE	-100	-1	0	0	0	31	793	TRUE	309367	0.00543378738130645	0.617193729626217	1242	907	8522	26960000	90
20220926 232535	binary	custom	TRUE	TRUE	FALSE	-100	-1	0	0	0	31	2085	TRUE	309367	0.00536671062876133	0.493106097434247	1123	662	9101	27320000	91
20220926 232624	binary	custom	TRUE	TRUE	FALSE	-100	-1	0	0	0	31	42	TRUE	309367	0.0341012108022537	0.69975196326148	418	940	8041	26560000	92
20220926 233036	binary	custom	TRUE	TRUE	FALSE	-100	-1	0	0	0	31	1061	TRUE	309367	0.00819215236656993	0.451592467244901	1179	629	8992	27300000	93
20220926 233441	binary	custom	TRUE	TRUE	FALSE	-100	-1	0	0	0	31	471	TRUE	309367	0.0290016534531589	0.585091259565628	54	969	8209	27110000	94
20220926 233539	binary	custom	TRUE	TRUE	FALSE	-100	-1	0	0	0	31	25	TRUE	309367	0.0384598237550536	0.601919618144304	202	593	8339	26530000	95
20220926 234202	binary	custom	TRUE	TRUE	FALSE	-100	-1	0	0	0	31	1114	TRUE	309367	0.00601171394560312	0.759953697500397	437	498	8882	27280000	96
20220926 234613	binary	custom	TRUE	TRUE	FALSE	-100	-1	0	0	0	31	900	TRUE	309367	0.00753737505533579	0.510918742951944	1123	445	9283	27200000	97
20220926 235306	binary	custom	TRUE	TRUE	FALSE	-100	-1	0	0	0	31	1214	TRUE	309367	0.00515365298678661	0.846001384584715	469	696	9652	27180000	98
20220926 235528	binary	custom	TRUE	TRUE	FALSE	-100	-1	0	0	0	31	238	TRUE	309367	0.0343680499076416	0.593262394542666	176	930	9100	26920000	99
20220926 235704	binary	custom	TRUE	TRUE	FALSE	-100	-1	0	0	0	31	163	TRUE	309367	0.0260714117509385	0.571425497898902	297	850	8117	27210000	100
20220926 235907	binary	custom	TRUE	TRUE	FALSE	-100	-1	0	0	0	31	391	TRUE	309367	0.0389856699743264	0.684956420457957	34	358	8131	26460000	101
20220927 001125	binary	custom	TRUE	TRUE	FALSE	-100	-1	0	0	0	31	2164	TRUE	309367	0.00508837086525553	0.744136310384824	345	852	9254	27500000	102
20220927 002319	binary	custom	TRUE	TRUE	FALSE	-100	-1	0	0	0	31	830	TRUE	309367	0.0050481661763523	0.739658265739908	293	689	8267	27630000	103
20220927 003647	binary	custom	TRUE	TRUE	FALSE	-100	-1	0	0	0	31	1538	TRUE	309367	0.00502287216891201	0.744221095225506	159	586	8662	26840000	104
20220927 004356	binary	custom	TRUE	TRUE	FALSE	-100	-1	0	0	0	31	1144	TRUE	309367	0.00511830397435164	0.737090854762078	424	909	8081	27120000	105
20220927 005148	binary	custom	TRUE	TRUE	FALSE	-100	-1	0	0	0	31	1172	TRUE	309367	0.00515871704761746	0.822747515242375	356	689	8342	27400000	106
20220927 005559	binary	custom	TRUE	TRUE	FALSE	-100	-1	0	0	0	31	622	TRUE	309367	0.0264080877994802	0.541975947694335	4	1020	8452	26380000	107
20220927 010323	binary	custom	TRUE	TRUE	FALSE	-100	-1	0	0	0	31	978	TRUE	309367	0.00503330760193807	0.556331525194435	376	857	8403	27440000	108
20220927 010633	binary	custom	TRUE	TRUE	FALSE	-100	-1	0	0	0	31	527	TRUE	309367	0.0340901257567283	0.768262153167458	5	921	8995	27210000	109
20220927 010929	binary	custom	TRUE	TRUE	FALSE	-100	-1	0	0	0	31	303	TRUE	309367	0.0377464193819011	0.790816154163815	51	929	8232	26980000	110
20220927 011434	binary	custom	TRUE	TRUE	FALSE	-100	-1	0	0	0	31	825	TRUE	309367	0.00814664063005835	0.573867891788273	445	910	8812	27420000	111
20220927 011941	binary	custom	TRUE	TRUE	FALSE	-100	-1	0	0	0	31	841	TRUE	309367	0.00732172336064735	0.613690775419301	456	870	9492	27420000	112
20220927 012348	binary	custom	TRUE	TRUE	FALSE	-100	-1	0	0	0	31	863	TRUE	309367	0.00853071991431293	0.609292731003092	670	880	9418	27410000	113
20220927 012707	binary	custom	TRUE	TRUE	FALSE	-100	-1	0	0	0	31	453	TRUE	309367	0.00838441720997008	0.499698842099141	607	941	9575	26770000	114
20220927 013040	binary	custom	TRUE	TRUE	FALSE	-100	-1	0	0	0	31	832	TRUE	309367	0.00807368831633036	0.684508778571268	961	799	9656	26850000	115
20220927 013352	binary	custom	TRUE	TRUE	FALSE	-100	-1	0	0	0	31	361	TRUE	309367	0.0331244280744481	0.59592276654914	41	941	9596	26890000	116
20220927 013834	binary	custom	TRUE	TRUE	FALSE	-100	-1	0	0	0	31	687	TRUE	309367	0.00826128485380903	0.652184630155503	361	742	9035	27290000	117
20220927 014115	binary	custom	TRUE	TRUE	FALSE	-100	-1	0	0	0	31	279	TRUE	309367	0.0342812819735421	0.678227684319834	16	898	9101	27160000	118
20220927 014437	binary	custom	TRUE	TRUE	FALSE	-100	-1	0	0	0	31	355	TRUE	309367	0.0380369734416877	0.69359308835715	75	1002	9453	27020000	119
20220927 015042	binary	custom	TRUE	TRUE	FALSE	-100	-1	0	0	0	31	1643	TRUE	309367	0.00596526122808471	0.466133724386756	1371	592	9084	27280000	120
