Feature	Gain	Cover	Frequency
ctrx_quarter_normalizado	0.210764035907691	0.0259335530024877	0.0145458583166778
mcuentas_saldo	0.068953870269589	0.0348394421043064	0.0344585091420534
ctrx_quarter	0.062915968230274	0.0186507086933385	0.0224294914501444
mpayroll_sobre_edad	0.0561879763894274	0.0579909324483255	0.023428825227626
mprestamos_personales	0.0429681810797154	0.0196952187075259	0.00969723887778518
mrentabilidad_annual	0.0339603820729491	0.0227960486922662	0.0349766822118588
mpasivos_margen	0.0324957704403864	0.0132953136080492	0.0220593678288548
cpayroll_trx	0.0305578494054689	0.017957160161796	0.00629210156192168
mrentabilidad	0.0180175860719537	0.00898544269287454	0.0156192168184174
mv_status01	0.0164259882325314	0.0109416765326469	0.00303501369457399
mcomisiones_mantenimiento	0.0150389335288982	0.0223379702252197	0.0135465245391961
mactivos_margen	0.0133904752647681	0.0116589953731854	0.0165445258716411
mtarjeta_visa_consumo	0.0129147133016932	0.015676977623706	0.013620549263454
mcuenta_corriente	0.0128900352958585	0.00926750510427502	0.014397808868162
cliente_edad	0.0124483147875757	0.0168598928621207	0.0282034199422607
mcaja_ahorro	0.012389370630543	0.0125615188514951	0.0214301576726627
mv_mpagominimo	0.0106255695210918	0.00857402010454239	0.0126212154859723
mpayroll	0.0101562605820465	0.0169773443542544	0.012140054778296
Master_fechaalta	0.0101444257818433	0.0121873188446327	0.0192464283070546
cdescubierto_preacordado	0.00960932452948967	0.00861839354416291	0.00284995188392923
Master_Fvencimiento	0.00825772675797687	0.0114464861753676	0.0215411947590495
mvr_msaldopesos2	0.00819782875177225	0.0147804284885501	0.0210970464135021
ccajas_consultas	0.0081768755539516	0.00815656434730649	0.00303501369457399
Visa_fechaalta	0.00804278288517672	0.0109070822856801	0.0104744984824932
numero_de_cliente	0.00781980714324249	0.00731891625895206	0.0171737360278333
chomebanking_transacciones	0.00744754052268836	0.00754746606223664	0.0128062772966171
ccomisiones_otras	0.00713742636873397	0.02025816936836	0.0248352949885262
cproductos	0.00649050053787841	0.00934447036233777	0.00843881856540084
ccaja_seguridad	0.0061833495556984	0.0116979568438204	0.00277592715967133
ctarjeta_master	0.00614741729289964	0.000122677571749661	0.000259086534902657
mvr_mpagominimo	0.00608128073743936	0.00733269324956496	0.0139906728847435
mv_fechaalta	0.00570297996675933	0.00422484417635359	0.00895699163520616
mtransferencias_recibidas	0.00567881505685112	0.00621884179449428	0.0175068472869939
Visa_Fvencimiento	0.00549824450643479	0.00384837820160732	0.00973425123991413
ctarjeta_visa_transacciones	0.00544155108649573	0.00714862041922062	0.0110666962765564
cliente_antiguedad	0.00528905206364586	0.00459105329335749	0.0108076097416537
mv_Fvencimiento	0.00523616982594907	0.00383973552244059	0.00958620179139833
mcuenta_debitos_automaticos	0.00511725229660592	0.00950941070580363	0.00669923754534014
Visa_mpagominimo	0.00511337040879288	0.00660686349953943	0.012880302020875
Visa_mpagospesos	0.00501539194164808	0.00481434407460622	0.0106965726552669
Visa_cconsumos	0.00473727757452152	0.00362953935310659	0.00910504108372196
mtransferencias_emitidas	0.00457000480912797	0.0276122681317773	0.0348656451254719
mautoservicio	0.0045650347660906	0.0104992480680883	0.0203567991709231
cprestamos_personales	0.00451487818502082	0.00974400073708194	0.00451550817973203
Master_mfinanciacion_limite	0.00449900054968346	0.00398527513360869	0.0103634613961063
mvr_mconsumospesos	0.00439797733178058	0.0237551343055636	0.0155451920941594
mv_msaldototal	0.00426872871676135	0.00512359574758349	0.00595899030276112
Visa_mconsumospesos	0.00418540793923967	0.00543566399746317	0.0115478569842327
Visa_mfinanciacion_limite	0.00418045460996541	0.00313517716355778	0.00810570730624029
mcomisiones_otras	0.004039442587879	0.005253386529004	0.00966022651565623
mcaja_ahorro_dolares	0.00386860389753531	0.00258711882955356	0.00762454659856392
mvr_Master_mlimitecompra	0.00384010751653623	0.00792608270639712	0.00607002738914798
mcomisiones	0.00372312127410275	0.00739742275166066	0.00925309053223777
thomebanking	0.00369563155515023	0.00270600331695344	0.00296098897031609
ctarjeta_debito_transacciones	0.00360577697819101	0.00494245714564125	0.0117329187948775
mvr_msaldototal	0.00357731543040712	0.00560934820038548	0.00751350951217707
mv_msaldopesos	0.00350235461082649	0.00252750481466409	0.00547782959508476
mv_status06	0.00347580015503432	0.00054641356603865	0.000296098897031609
cmobile_app_trx	0.00346272841189721	0.00280283756028269	0.00403434747205567
mvr_msaldopesos	0.0033418423426847	0.00380414594378642	0.00684728699385595
internet	0.00332641010521641	0.0117917862678478	0.00325708786734769
Visa_msaldototal	0.00322258239139639	0.00383149756443277	0.00484861943889259
mvr_mpagospesos	0.00321916771276757	0.00387996527624226	0.00825375675475609
ccallcenter_transacciones	0.00314822748124929	0.0301441048746598	0.0109186468280406
mv_mfinanciacion_limite	0.00297527950745914	0.00228054961076907	0.00569990376785847
mttarjeta_visa_debitos_automaticos	0.00293655854741614	0.00237309898647986	0.00655118809682434
ctransferencias_recibidas	0.00289860105409474	0.007810633642788	0.00714338589088756
Visa_msaldopesos	0.00289199067914614	0.00398507983211922	0.00603301502701902
mvr_Visa_mlimitecompra	0.00282700098410359	0.00234197310572368	0.00484861943889259
Master_mpagospesos	0.00268534638057456	0.00935904503011853	0.00584795321637427
tmobile_app	0.00266957642170435	0.00888606717715213	0.00244281590051077
mv_cconsumos	0.00262907998465442	0.00284712629082343	0.00581094085424532
tcallcenter	0.00250844343050459	0.00243489190714347	0.00192464283070546
mv_mconsumospesos	0.00232172848320583	0.00301906454549044	0.00495965652527944
Master_mconsumospesos	0.0022991935816439	0.00306729695430057	0.00470056999037679
ccaja_ahorro	0.00211955736617475	0.0159993497919279	0.00736546006366126
active_quarter	0.00205865279577471	0.000124181157915612	0.00033311125916056
ctarjeta_visa_debitos_automaticos	0.00195955402958647	0.00218419067949854	0.00329410022947665
Visa_mconsumosdolares	0.00195098964070281	0.0131077747645242	0.00966022651565623
mpagomiscuentas	0.00194917471370006	0.00246262707167879	0.00444148345547413
mv_mpagospesos	0.00185189522862606	0.00288366649359504	0.00603301502701902
ctarjeta_debito	0.00181913079148213	0.00127180565248536	0.00273891479754238
mv_status04	0.00179496068717257	0.0134696331290698	0.00477459471463469
ccomisiones_mantenimiento	0.0017532375193126	0.00792659331390575	0.00277592715967133
ctransferencias_emitidas	0.00174147113629442	0.00435273135650923	0.00359019912650825
cextraccion_autoservicio	0.00171259631021105	0.0152100399987333	0.0137315863498408
mplazo_fijo_dolares	0.00161943558285246	0.00888180348680361	0.00210970464135021
Master_mpagominimo	0.00155904050694253	0.00184528376951113	0.00392331038566881
Master_msaldopesos	0.00147653273746783	0.00368782861210964	0.00281293952180028
mextraccion_autoservicio	0.00145880371880477	0.0100219924065934	0.0113998075357169
Master_status	0.00140615666800307	0.000529095265285284	0.000296098897031609
matm_other	0.00138676858025109	0.00328735467233801	0.00410837219631357
Master_cconsumos	0.00134304640105657	0.00134132827667815	0.00222074172773706
Visa_fultimo_cierre	0.00125455450480843	0.000654867071476613	0.0018136057443186
cpagomiscuentas	0.00124814256190995	0.00203580390203811	0.00251684062476867
mvr_msaldodolares2	0.00124024496791715	0.00604608468538947	0.0033311125916056
mtarjeta_master_consumo	0.00119921667817454	0.00463732327515289	0.00214671700347916
mv_status05	0.00119438403192103	0.00468094139214544	0.00125842031238434
mv_fultimo_cierre	0.001178331968071	0.00153228136672396	0.00199866755496336
Visa_status	0.00111683418535743	0.0027445647724896	0.000851284328965875
catm_trx	0.000963959163725649	0.00543522633388435	0.00247982826263972
ccuenta_debitos_automaticos	0.000950703097233235	0.00599337210747141	0.0017395810200607
Visa_mpagado	0.000899628518359868	0.00797946825089337	0.00155451920941595
Master_mlimitecompra	0.000887597485875393	0.00103580850927084	0.00203567991709231
Master_msaldototal	0.000875146440004831	0.0083621509308829	0.00440447109334518
minversion2	0.000871306218084571	0.0103493318211319	0.000999333777481679
Master_fultimo_cierre	0.000794392860263078	0.000694174437520769	0.00122140795025539
Visa_mlimitecompra	0.000712089349769373	0.000570237994724497	0.00122140795025539
mv_mconsumosdolares	0.000652199986188578	0.00542030341766453	0.00607002738914798
mvr_mconsumosdolares	0.000574709229006088	0.00459769119096961	0.00344214967799245
ccheques_depositados	0.000549665620739637	0.00294431113562174	0.000592197794063217
ctarjeta_master_transacciones	0.000522008898983203	0.000864432628772308	0.000629210156192168
Visa_mpagosdolares	0.000490913439333619	0.0015275894249166	0.0017395810200607
matm	0.000470299631320405	0.00158694695953676	0.00251684062476867
Visa_msaldodolares	0.000426419471383574	0.00071638939369095	0.00118439558812643
mcaja_ahorro_adicional	0.000409231992047891	0.0021506341187589	0.000481160707676364
Visa_mconsumototal	0.000396868133303983	0.000200139319141077	0.000814271966836924
mv_Finiciomora	0.000350706997524933	0.00439045042730766	0.000666222518321119
ccajas_transacciones	0.000320334386208577	0.000629353167255316	0.000370123621289511
mv_mlimitecompra	0.000319905420342108	0.000653958801899059	0.000999333777481679
mprestamos_prendarios	0.000312734557047346	0.00372837367193046	0.000481160707676364
ccajas_extracciones	0.000307652544593541	0.00294618885355668	0.000518173069805315
Master_madelantopesos	0.000295962041359161	0.000425578416774028	0.000222074172773706
mttarjeta_master_debitos_automaticos	0.00025370042799335	0.000427642024078471	0.000444148345547413
mvr_mpagado	0.000252288801840989	0.00133017962056817	0.000555185431934266
catm_trx_other	0.000239002781806829	0.00146245520166199	0.000962321415352728
Visa_Finiciomora	0.000225460632748556	0.00322674061970123	0.000370123621289511
cseguro_vida	0.000207701512104799	0.00113369220397726	0.000296098897031609
mforex_sell	0.000191812805956246	0.00409678051894844	0.000407135983418462
mvr_mconsumototal	0.000185228468413348	0.00135438994617298	0.000740247242579021
ccajas_otras	0.000181693741988761	0.00205288689979211	0.00033311125916056
mvr_msaldodolares	0.000180762435781819	0.000268913679795885	0.000370123621289511
Visa_cadelantosefectivo	0.000169858567783672	0.00152364104058723	0.000740247242579021
mv_msaldodolares	0.000142219617979632	0.000352467421840897	0.000518173069805315
mvr_mpagosdolares	0.000135987227050582	0.000873310610938402	0.000555185431934266
cseguro_accidentes_personales	0.000131617804146714	0.000356260506190683	0.000444148345547413
mv_mconsumototal	0.000124702762678245	0.000411050809593147	0.000222074172773706
ccajas_depositos	0.000106236253581964	0.00115799429775182	0.000222074172773706
mcajeros_propios_descuentos	0.000102825605997956	0.00697200904698619	0.0034791620401214
Master_mpagado	8.46909087787031e-05	0.00124372929860096	0.000259086534902657
cseguro_vivienda	7.45524500190458e-05	9.08834304752746e-05	0.000111037086386853
cinversion1	7.28409732389642e-05	0.00149404462932693	0.000185061810644755
mv_mpagosdolares	7.23845250989573e-05	5.28937612275709e-05	0.000148049448515804
Master_mpagosdolares	6.84658808311129e-05	4.17145157276737e-05	0.000111037086386853
Master_msaldodolares	6.25423990235194e-05	0.000165770963053622	0.000222074172773706
Master_mconsumosdolares	5.67104381995674e-05	4.8265351230034e-05	0.000148049448515804
mv_mpagado	5.04891804185748e-05	0.00011455255918154	0.000222074172773706
mv_status02	4.02230236551401e-05	4.24627792656588e-05	0.000148049448515804
Master_mconsumototal	4.02033516118565e-05	3.83896843466266e-05	0.000111037086386853
mcheques_emitidos	3.98920803604344e-05	0.000581254881154832	7.40247242579021e-05
mtarjeta_visa_descuentos	3.93321658115759e-05	0.000455485427993496	7.40247242579021e-05
cplazo_fijo	3.83288177478491e-05	5.02983691445596e-05	3.70123621289511e-05
ctarjeta_visa_descuentos	3.75394381606936e-05	7.6031105155268e-05	7.40247242579021e-05
ctarjeta_master_descuentos	3.21753570183108e-05	0.000548877188442017	7.40247242579021e-05
ccheques_emitidos	1.92758184535467e-05	0.00028635904416891	3.70123621289511e-05
cforex	1.890561751123e-05	0.000140059404312856	7.40247242579021e-05
cseguro_auto	1.60631130176213e-05	0.000276005712196788	3.70123621289511e-05
Master_cadelantosefectivo	6.55953084235524e-06	6.04728708371623e-06	3.70123621289511e-05
ccajeros_propios_descuentos	4.05032983498475e-06	0.000163486170929774	0.000185061810644755
Visa_madelantopesos	3.78637462668316e-06	0.000273975047312256	0.000296098897031609
Visa_delinquency	1.66894726531163e-06	4.82135845701734e-06	3.70123621289511e-05
mv_status07	3.21862907009234e-10	5.09078039129185e-05	0.000111037086386853
Visa_madelantodolares	1.41475296735433e-10	3.67707997109858e-05	3.70123621289511e-05
