fecha	objective	metric	first_metric_only	boost_from_average	feature_pre_filter	verbosity	max_depth	max_bin	num_iterations	force_row_wise	seed	learning_rate	feature_fraction	min_data_in_leaf	num_leaves	envios	bagging_fraction	lambda_l1	lambda_l2	min_gain_to_split	ganancia	iteracion
20221002 211238	binary	custom	TRUE	TRUE	FALSE	-100	-1	31	95	TRUE	309367	0.175351746357563	0.31357694339628	6017	138	13333	0.445409137905679	2.48487274941807	2.39497725015584	0.0443186795875792	24540000	1
20221002 211303	binary	custom	TRUE	TRUE	FALSE	-100	-1	31	36	TRUE	309367	0.1486259611014	0.65285626075541	2342	860	9626	0.630719771934673	1.64619037237976	1.01854920274733	0.0192563786054961	25550000	2
20221002 211329	binary	custom	TRUE	TRUE	FALSE	-100	-1	31	67	TRUE	309367	0.114073177651282	0.720756074279133	5819	90	7601	0.737035526604288	2.94028434779547	1.31129700339322	0.0861955854957665	25600000	3
20221002 211348	binary	custom	TRUE	TRUE	FALSE	-100	-1	31	47	TRUE	309367	0.214219137174239	0.705022849137378	4381	657	9931	0.538146014759938	1.43822379613994	0.968025375021777	0.0630920833002569	25260000	4
20221002 211424	binary	custom	TRUE	TRUE	FALSE	-100	-1	31	46	TRUE	309367	0.1218052129928	0.492420535219005	1459	683	8255	0.407298407031016	3.34308795721477	1.86939799634274	0.0757383516575727	25810000	5
20221002 211442	binary	custom	TRUE	TRUE	FALSE	-100	-1	31	31	TRUE	309367	0.266652792766464	0.443416182153548	7865	517	9137	0.983559910601212	2.51373846640086	2.00801728559115	0.0250488064749839	25650000	6
20221002 211538	binary	custom	TRUE	TRUE	FALSE	-100	-1	31	222	TRUE	309367	0.0590505946728	0.901302614709776	3338	617	12769	0.699304291326553	0.482106109848246	1.19942762415546	0.0395924716903311	24310000	7
20221002 211603	binary	custom	TRUE	TRUE	FALSE	-100	-1	31	39	TRUE	309367	0.185521823863641	0.797160192760122	3882	336	11854	0.360577320276449	0.867686842555284	0.247766199056059	0.0890710910206609	25340000	8
20221002 211651	binary	custom	TRUE	TRUE	FALSE	-100	-1	31	140	TRUE	309367	0.0725981103880784	0.575595785661911	2777	301	7401	0.717570486085283	3.9158629866304	1.15468112229913	0.0851298141952915	25680000	9
20221002 211739	binary	custom	TRUE	TRUE	FALSE	-100	-1	31	196	TRUE	309367	0.064597946533791	0.815372268317474	4576	547	12181	0.770057634347015	4.57141525167066	1.69838769933752	0.0571607100602705	25080000	10
20221002 211813	binary	custom	TRUE	TRUE	FALSE	-100	-1	31	71	TRUE	309367	0.199869380063448	0.6292819737405	1674	183	11604	0.840014663793974	0.632180384159761	0.352981417498086	0.0476996447664634	24800000	11
20221002 211835	binary	custom	TRUE	TRUE	FALSE	-100	-1	31	42	TRUE	309367	0.131234731260791	0.335759025382706	7280	788	13674	0.606354020598034	1.25310817801316	0.749359997241603	0.0930306980289364	23940000	12
20221002 211901	binary	custom	TRUE	TRUE	FALSE	-100	-1	31	100	TRUE	309367	0.157517170174138	0.960067509870148	6382	709	5907	0.505716974453794	0.747635639175617	2.59542442012268	0.0506284049278798	24910000	13
20221002 211920	binary	custom	TRUE	TRUE	FALSE	-100	-1	31	17	TRUE	309367	0.258187282817865	0.465264572673995	1927	268	10713	0.469947282607771	2.13592749641975	1.9223497370646	0.0236616691535649	25540000	14
20221002 211947	binary	custom	TRUE	TRUE	FALSE	-100	-1	31	80	TRUE	309367	0.229766937221834	0.416200915330814	5482	559	5768	0.964881753233365	4.21282694493938	0.58631439365369	0.0589479565775643	24710000	15
20221002 212026	binary	custom	TRUE	TRUE	FALSE	-100	-1	31	173	TRUE	309367	0.0967657058741315	0.685564904530636	6646	219	12289	0.791542573428403	1.24883191478956	2.12877864844631	0.0215550300458239	24950000	16
20221002 212113	binary	custom	TRUE	TRUE	FALSE	-100	-1	31	149	TRUE	309367	0.0850052953382126	0.887051670372279	3114	745	7896	0.319005590672087	4.76568314874183	2.84306314849528	0.0678530631962025	26610000	17
20221002 212342	binary	custom	TRUE	TRUE	FALSE	-100	-1	31	559	TRUE	309367	0.0151210720351406	0.288427613194411	5138	814	11049	0.575604351490943	1.0188918403906	1.45600355544593	0.00866472698528216	25750000	18
20221002 212404	binary	custom	TRUE	TRUE	FALSE	-100	-1	31	14	TRUE	309367	0.180837555138795	0.743731570031701	532	1012	10421	0.231031509530213	3.1090857502487	0.463020982841651	0.0284875455183081	24520000	19
20221002 212427	binary	custom	TRUE	TRUE	FALSE	-100	-1	31	33	TRUE	309367	0.234955579035191	0.58270844675911	939	446	5013	0.817559140594676	2.04096551124369	2.42729746201076	0.0829814830736723	23660000	20
20221002 212519	binary	custom	TRUE	TRUE	FALSE	-100	-1	31	214	TRUE	309367	0.0493176662415499	0.61321623807566	7718	49	6816	0.385805480409828	3.20975082793868	0.27586539995779	0.0446350271600143	25410000	21
20221002 212539	binary	custom	TRUE	TRUE	FALSE	-100	-1	31	46	TRUE	309367	0.201993892819931	0.308437927000018	7023	247	9359	0.663294822288056	4.69921823849695	2.67378792711922	0.0323395014740527	25530000	22
20221002 212811	binary	custom	TRUE	TRUE	FALSE	-100	-1	31	330	TRUE	309367	0.00945788975533408	0.386135564480598	4247	27	13611	0.679198312645571	4.03683931534437	2.26318992507489	0.0805166902544443	23500000	23
20221002 212826	binary	custom	TRUE	TRUE	FALSE	-100	-1	31	20	TRUE	309367	0.293949144538233	0.990227656206116	3578	910	6405	0.525046642166045	2.85616947984737	1.65031956598007	0.00145917737520196	25110000	24
20221002 212852	binary	custom	TRUE	TRUE	FALSE	-100	-1	31	99	TRUE	309367	0.223334276262839	0.238608121613248	6947	980	8634	0.305524832796719	1.89496717865243	2.17806025491639	0.0117815265134494	26500000	25
20221002 212920	binary	custom	TRUE	TRUE	FALSE	-100	-1	31	82	TRUE	309367	0.0918586404480286	0.912312316687571	6126	966	11315	0.444211665365017	3.6405195262503	0.0447987729179052	0.0734735051254069	25850000	26
20221002 212949	binary	custom	TRUE	TRUE	FALSE	-100	-1	31	61	TRUE	309367	0.136284402213221	0.522655210933752	4706	358	13992	0.865621336709915	0.0640767132022625	2.55114893000185	0.0999005099208767	23460000	27
20221002 213011	binary	custom	TRUE	TRUE	FALSE	-100	-1	31	65	TRUE	309367	0.284421841128529	0.866340421507549	5031	483	14975	0.205561752032696	2.29480809887819	1.80303512769751	0.0383828409236028	23170000	28
20221002 213110	binary	custom	TRUE	TRUE	FALSE	-100	-1	31	103	TRUE	309367	0.0401779364910908	0.46889776486593	788	840	14293	0.333594577666372	3.52718809532234	2.94229673293497	0.0641927796959256	23500000	29
20221002 213136	binary	custom	TRUE	TRUE	FALSE	-100	-1	31	55	TRUE	309367	0.110849892343103	0.245061967118333	1325	738	6199	0.871815640106797	4.99055693194451	1.56267889005054	0.00414353059734114	24410000	30
20221002 213240	binary	custom	TRUE	TRUE	FALSE	-100	-1	31	112	TRUE	309367	0.0333041606498429	0.534923338351978	2441	593	10208	0.257547410499925	0.322649721605962	0.128849516545112	0.0551930999551486	26230000	31
20221002 213257	binary	custom	TRUE	TRUE	FALSE	-100	-1	31	37	TRUE	309367	0.163220734878721	0.774421182450735	7471	421	5352	0.906791400278194	0.195449898116446	0.521163473972895	0.0145049399709226	24180000	32
20221002 213316	binary	custom	TRUE	TRUE	FALSE	-100	-1	31	46	TRUE	309367	0.247600231303594	0.947236828676735	3664	405	12859	0.938334662032624	4.39285009915087	0.813734068612878	0.0958125807894653	24850000	33
20221002 213335	binary	custom	TRUE	TRUE	FALSE	-100	-1	31	56	TRUE	309367	0.277721820080187	0.203307790366105	5618	111	8525	0.271982367548885	3.75726087853157	0.867864869806605	0.0700327788246796	25430000	34
20221002 213354	binary	custom	TRUE	TRUE	FALSE	-100	-1	31	30	TRUE	309367	0.274081921077903	0.355837095678887	2979	927	14505	0.916824532186405	1.71726296471509	1.35258425405482	0.00769340652752564	22910000	35
20221002 213453	binary	custom	TRUE	TRUE	FALSE	-100	-1	31	138	TRUE	309367	0.0291050710172729	0.842684365570959	2010	186	7091	0.587253481630857	2.69118833611073	2.77956745418487	0.0351655262722892	25980000	36
20221002 213559	binary	custom	TRUE	TRUE	FALSE	-100	-1	31	167	TRUE	309367	0.033753702008201	0.658190711371052	4454	763	8368	0.201051224560045	2.30602416642873	2.55795831290519	0.0188675368305028	26710000	37
20221002 213632	binary	custom	TRUE	TRUE	FALSE	-100	-1	31	114	TRUE	309367	0.0631573031800548	0.785438365118933	6500	889	8307	0.277046511146	3.9542646362808	2.12663696854001	0.0350998092391533	25870000	38
20221002 213741	binary	custom	TRUE	TRUE	FALSE	-100	-1	31	117	TRUE	309367	0.0354931418539192	0.627102220055778	3076	571	8641	0.225257362479352	0.722199640586033	2.68809335505584	0.0154221900518356	26560000	39
20221002 214001	binary	custom	TRUE	TRUE	FALSE	-100	-1	31	411	TRUE	309367	0.00997145536558457	0.858022435227458	3334	724	7892	0.239144918374747	2.19696958234316	2.84845099571618	0.0580903044242684	25580000	40
20221002 214040	binary	custom	TRUE	TRUE	FALSE	-100	-1	31	82	TRUE	309367	0.0815544540130154	0.571906327361315	4148	714	8594	0.255787109513625	3.85878686814831	2.62288689921658	0.00629325255768864	26100000	41
20221002 214127	binary	custom	TRUE	TRUE	FALSE	-100	-1	31	161	TRUE	309367	0.0642141159499044	0.28645399391476	5394	659	8633	0.226504942887069	1.77655165104578	2.54712223067911	0.0121335301378859	26660000	42
20221002 214232	binary	custom	TRUE	TRUE	FALSE	-100	-1	31	171	TRUE	309367	0.0426511667607931	0.52706150219423	5507	870	8557	0.262429244793103	1.09992747694412	2.54038543650029	0.0109158365742779	26490000	43
20221002 214323	binary	custom	TRUE	TRUE	FALSE	-100	-1	31	167	TRUE	309367	0.0418333400923949	0.701621990047242	4100	337	8497	0.379763973283806	2.38586783245788	2.40455767007958	0.0180114308298462	26210000	44
20221002 214405	binary	custom	TRUE	TRUE	FALSE	-100	-1	31	127	TRUE	309367	0.0772427806087657	0.340900221639726	3859	762	8373	0.202991530263118	1.96447152798346	2.29798979545783	0.0184899684606816	25900000	45
20221002 214503	binary	custom	TRUE	TRUE	FALSE	-100	-1	31	151	TRUE	309367	0.0350844256466387	0.350793191869655	5333	656	9065	0.210431591585404	2.38658149590706	2.688779378823	0.0136271791734686	26510000	46
20221002 214537	binary	custom	TRUE	TRUE	FALSE	-100	-1	31	84	TRUE	309367	0.12672050632406	0.252314918096028	6930	605	9113	0.25680990801819	1.3759709573655	2.68866887690515	0.020860143693	25780000	47
20221002 214638	binary	custom	TRUE	TRUE	FALSE	-100	-1	31	240	TRUE	309367	0.0445702647662257	0.257983426988666	6656	645	8592	0.285539444855576	1.24053291025853	2.11510482344051	0.0173100640511625	26020000	48
20221002 214743	binary	custom	TRUE	TRUE	FALSE	-100	-1	31	319	TRUE	309367	0.0661905661131816	0.759537710908944	4960	594	8244	0.213810446256775	3.57838235208978	2.89378489201518	0.0598430177829345	26640000	49
20221002 214836	binary	custom	TRUE	TRUE	FALSE	-100	-1	31	149	TRUE	309367	0.0562309638959055	0.437067085112615	5334	632	8063	0.213137183672082	1.55175947259652	2.91815217985584	0.0178555559142413	26280000	50
20221002 214919	binary	custom	TRUE	TRUE	FALSE	-100	-1	31	150	TRUE	309367	0.0664005344613512	0.93834294902272	4326	640	8422	0.406978048046812	3.87215252921327	2.6009722184343	0.0675744431081758	25800000	51
20221002 214948	binary	custom	TRUE	TRUE	FALSE	-100	-1	31	82	TRUE	309367	0.0894967460032449	0.65004215921181	4303	562	7733	0.633428205380955	4.42652081146785	2.96799066467655	0.0565726887584633	26060000	52
20221002 215054	binary	custom	TRUE	TRUE	FALSE	-100	-1	31	185	TRUE	309367	0.0446435104541772	0.499385841332082	4908	291	8264	0.200075493637498	1.90626173763281	2.62200291379589	0.0256217021316401	26680000	53
20221002 215117	binary	custom	TRUE	TRUE	FALSE	-100	-1	31	45	TRUE	309367	0.212335874266224	0.47322256537461	6680	855	8826	0.200810073889281	3.66978789173025	1.90374113071818	0.0261133954547333	26110000	54
20221002 215156	binary	custom	TRUE	TRUE	FALSE	-100	-1	31	112	TRUE	309367	0.0618513389354048	0.611160782688325	4853	497	9564	0.375878318402706	3.14922534766157	0.178829112034355	0.0723175263767661	26080000	55
20221002 215229	binary	custom	TRUE	TRUE	FALSE	-100	-1	31	74	TRUE	309367	0.0620062860669048	0.813279511895362	3024	557	8194	0.216047387998487	2.38553032099641	2.7397521921033	0.035145295716586	26420000	56
20221002 215422	binary	custom	TRUE	TRUE	FALSE	-100	-1	31	470	TRUE	309367	0.0312425766182174	0.328797158149938	5405	376	8254	0.222972089659271	0.874799735075896	2.57646834395038	0.0139467775104562	26380000	57
20221002 215502	binary	custom	TRUE	TRUE	FALSE	-100	-1	31	92	TRUE	309367	0.0766847017726735	0.49561649505771	4472	226	7835	0.202623454931877	2.92733947984837	2.86814994270639	0.0601350032891203	25930000	58
20221002 215533	binary	custom	TRUE	TRUE	FALSE	-100	-1	31	66	TRUE	309367	0.087629863252265	0.767979002855215	2350	644	7915	0.210243481333504	4.55123392293524	2.82344214212741	0.0880360525028264	25930000	59
20221002 215618	binary	custom	TRUE	TRUE	FALSE	-100	-1	31	103	TRUE	309367	0.0737383031855793	0.435853985277879	5721	864	8214	0.298131456117229	4.38873828752269	2.86286949937511	0.0579602656705669	25820000	60
20221002 215715	binary	custom	TRUE	TRUE	FALSE	-100	-1	31	140	TRUE	309367	0.0463531906301701	0.555638612640194	4805	630	9333	0.280667176327087	2.10517915872622	1.09632486204247	0.0488217233047839	26060000	61
20221002 215810	binary	custom	TRUE	TRUE	FALSE	-100	-1	31	210	TRUE	309367	0.0470257721426985	0.666336193770366	5179	637	8469	0.201790984843153	1.24681239112584	2.71003403502289	0.0266882694911449	26030000	62
20221002 215836	binary	custom	TRUE	TRUE	FALSE	-100	-1	31	50	TRUE	309367	0.0879395719956838	0.894685068360052	2854	524	8187	0.223827779638503	2.04090069587627	2.66180320914645	0.00812587936776309	25870000	63
20221002 215917	binary	custom	TRUE	TRUE	FALSE	-100	-1	31	88	TRUE	309367	0.078327923185481	0.503984716801376	5449	458	8713	0.214908449462264	1.95003395283885	1.72105949423693	0.010857881520614	25940000	64
20221002 215941	binary	custom	TRUE	TRUE	FALSE	-100	-1	31	50	TRUE	309367	0.179585061905251	0.778055465062968	1494	713	8103	0.221278020498961	4.8883299259623	2.86795629648099	0.0628352008752263	26200000	65
20221002 220117	binary	custom	TRUE	TRUE	FALSE	-100	-1	31	402	TRUE	309367	0.0251458663270997	0.223983273076279	6657	924	8311	0.395841588267515	2.03042905493294	2.56907170014644	0.00152498768502776	26500000	66
20221002 220343	binary	custom	TRUE	TRUE	FALSE	-100	-1	31	483	TRUE	309367	0.0239077826025801	0.490812014107255	2490	304	8629	0.569339150585076	1.60921355786284	2.6755469484648	0.0103656595323405	26270000	67
20221002 220441	binary	custom	TRUE	TRUE	FALSE	-100	-1	31	200	TRUE	309367	0.0347821360596816	0.829186132541541	4508	419	7986	0.200262457316454	4.48235227011871	2.89667632988614	0.0456778010870963	26110000	68
20221002 220649	binary	custom	TRUE	TRUE	FALSE	-100	-1	31	578	TRUE	309367	0.0471966335917314	0.74726464739996	6098	652	7791	0.223689932810909	4.67069372088159	2.08576067334022	0.0696093574337385	26820000	69
20221002 220752	binary	custom	TRUE	TRUE	FALSE	-100	-1	31	259	TRUE	309367	0.0558707502059106	0.775554675990133	5087	835	7948	0.314665353283092	4.7073874572508	2.3436087383153	0.0698099487131665	26190000	70
20221002 220828	binary	custom	TRUE	TRUE	FALSE	-100	-1	31	129	TRUE	309367	0.0704405069083839	0.71102408426258	6969	605	7826	0.20383866251298	4.7596856417048	1.77951032191244	0.0682207647893534	26190000	71
20221002 220907	binary	custom	TRUE	TRUE	FALSE	-100	-1	31	101	TRUE	309367	0.0782575055936144	0.481268760053324	7093	652	7892	0.414726078672447	2.54824524019412	2.57805305307096	0.0144675046643342	26300000	72
20221002 220943	binary	custom	TRUE	TRUE	FALSE	-100	-1	31	93	TRUE	309367	0.0981674604145355	0.39209858010902	6412	434	7911	0.24781820619402	4.70282824500552	2.07864906584479	0.0672714420670055	26020000	73
20221002 221012	binary	custom	TRUE	TRUE	FALSE	-100	-1	31	104	TRUE	309367	0.14225933467594	0.835835971594033	6415	678	7760	0.202572530630362	4.56758189694046	2.92683399633432	0.0691105884731005	25520000	74
20221002 221114	binary	custom	TRUE	TRUE	FALSE	-100	-1	31	164	TRUE	309367	0.0388418907498607	0.669517628500122	4958	568	7673	0.238892741432363	3.51372410060285	2.03314939143151	0.0608139103261913	25860000	75
20221002 221206	binary	custom	TRUE	TRUE	FALSE	-100	-1	31	168	TRUE	309367	0.0465365102206789	0.797357395338883	3265	599	8240	0.549953621749631	4.99774892073691	2.03375855464334	0.0763302628506738	25760000	76
20221002 221246	binary	custom	TRUE	TRUE	FALSE	-100	-1	31	145	TRUE	309367	0.207343334138246	0.413742588156717	5490	637	9252	0.227298972538572	1.99422254310719	2.08549664729939	0.00366297551970218	26620000	77
20221002 221311	binary	custom	TRUE	TRUE	FALSE	-100	-1	31	45	TRUE	309367	0.215085294065861	0.424024634365055	5291	670	8812	0.233789420830115	2.30204009264061	2.47570197585052	0.00973973062721857	25900000	78
20221002 221338	binary	custom	TRUE	TRUE	FALSE	-100	-1	31	68	TRUE	309367	0.201686421838185	0.414172513222711	7107	917	9245	0.496907476152509	1.87751726297232	1.99233897288349	0.00183723949058371	25830000	79
20221002 221359	binary	custom	TRUE	TRUE	FALSE	-100	-1	31	59	TRUE	309367	0.221790015072176	0.219178199990042	5453	394	8989	0.219988199218968	2.70240636890651	2.08000625321124	0.0122841583141726	26270000	80
20221002 221457	binary	custom	TRUE	TRUE	FALSE	-100	-1	31	103	TRUE	309367	0.0465069164025181	0.557998531419751	1487	303	8172	0.207232832950298	2.85306060102149	2.63795613794214	0.0197860431075334	26540000	81
20221002 221548	binary	custom	TRUE	TRUE	FALSE	-100	-1	31	144	TRUE	309367	0.0321390159151888	0.868181429125906	5179	774	9779	0.347584933614252	1.49551205127544	0.0640009968226189	0.0624505940706905	26130000	82
20221002 221638	binary	custom	TRUE	TRUE	FALSE	-100	-1	31	165	TRUE	309367	0.0384859600950903	0.640154538292916	5016	341	11065	0.204906840660807	2.25933476047901	0.06321875117368	0.0571860978646713	25710000	83
20221002 221842	binary	custom	TRUE	TRUE	FALSE	-100	-1	31	423	TRUE	309367	0.0297840387572317	0.435931186894188	2174	720	7986	0.478578177021685	2.01361205964221	2.588895293961	0.0146412491416176	26270000	84
20221002 221935	binary	custom	TRUE	TRUE	FALSE	-100	-1	31	125	TRUE	309367	0.0361696335883097	0.634463379078554	3758	589	9031	0.261583044168817	0.934466570737859	0.473253768102829	0.0641384275094519	26660000	85
20221002 222025	binary	custom	TRUE	TRUE	FALSE	-100	-1	31	103	TRUE	309367	0.047849731857348	0.459426918583543	4435	844	9145	0.383514248817061	1.20444458127604	0.388370095354649	0.0596683281221336	26430000	86
20221002 222127	binary	custom	TRUE	TRUE	FALSE	-100	-1	31	205	TRUE	309367	0.055505914781862	0.817247201592877	1946	535	8847	0.412988189087121	1.42445268185633	0.372798163168622	0.061739344851994	26390000	87
20221002 222224	binary	custom	TRUE	TRUE	FALSE	-100	-1	31	139	TRUE	309367	0.0500140947667039	0.557242112635388	5172	427	8869	0.297756651685388	0.413169273557008	0.304415789704793	0.0664515804780114	26590000	88
20221002 222647	binary	custom	TRUE	TRUE	FALSE	-100	-1	31	750	TRUE	309367	0.00809944650347677	0.559797124356815	4535	430	9103	0.391249626577755	0.858718264187728	0.390195939232151	0.0562111862681163	26440000	89
20221002 222733	binary	custom	TRUE	TRUE	FALSE	-100	-1	31	100	TRUE	309367	0.0686657796091901	0.519879701792257	4852	294	9006	0.218264997773347	1.01516107245456	0.61227461977135	0.0610054116243368	25830000	90
20221002 222926	binary	custom	TRUE	TRUE	FALSE	-100	-1	31	388	TRUE	309367	0.0281456959228542	0.585714059780966	3795	654	8927	0.639967307588991	0.749885912161157	0.312369083877623	0.0725493893882674	26310000	91
20221002 223047	binary	custom	TRUE	TRUE	FALSE	-100	-1	31	239	TRUE	309367	0.0269998878983135	0.613534197988632	4007	639	8279	0.213512252237225	1.17664409352039	0.307123452767542	0.0641606940835831	26010000	92
20221002 223142	binary	custom	TRUE	TRUE	FALSE	-100	-1	31	189	TRUE	309367	0.0435271998116255	0.644916135142175	4043	644	9634	0.383875040608118	0.310433500521572	0.390001904555008	0.0668837893179618	26660000	93
20221002 223203	binary	custom	TRUE	TRUE	FALSE	-100	-1	31	18	TRUE	309367	0.238386474498844	0.565232717770047	6025	647	8591	0.207990456740745	1.68648573487026	2.08502871240209	0.0145255966750519	25540000	94
20221002 223222	binary	custom	TRUE	TRUE	FALSE	-100	-1	31	30	TRUE	309367	0.203081553786419	0.259737472921047	2601	755	9711	0.266772779804307	2.33329702476932	2.1316462798587	0.00616671681953368	25860000	95
20221002 223250	binary	custom	TRUE	TRUE	FALSE	-100	-1	31	48	TRUE	309367	0.0819524448676285	0.787917062569852	1834	628	8088	0.220197869228324	4.46805860202877	2.89734433474408	0.0584702562926379	26150000	96
20221002 223334	binary	custom	TRUE	TRUE	FALSE	-100	-1	31	135	TRUE	309367	0.0450152504334046	0.720797266070072	5868	590	9465	0.320289683774139	0.744686917232479	0.345698760159372	0.043164720437707	26590000	97
20221002 223404	binary	custom	TRUE	TRUE	FALSE	-100	-1	31	66	TRUE	309367	0.0846265181147563	0.954425752744096	3112	964	7560	0.752048162136357	4.99788486676649	2.90819818214059	0.0507996281874766	2.6e+07	98
20221002 223448	binary	custom	TRUE	TRUE	FALSE	-100	-1	31	194	TRUE	309367	0.187875094614507	0.298117802056126	6014	275	9278	0.232833803193296	1.97849736362339	1.88900219438881	0.0320617119478692	26170000	99
20221002 223542	binary	custom	TRUE	TRUE	FALSE	-100	-1	31	134	TRUE	309367	0.039898159233734	0.597341044187376	3784	513	8497	0.274139378927584	2.19860917322403	2.66000940402666	0.00502493451869708	26050000	100
20221002 223715	binary	custom	TRUE	TRUE	FALSE	-100	-1	31	324	TRUE	309367	0.0414491846483679	0.550012529132135	5330	805	8222	0.204393990089893	3.15033023829487	2.79756669494267	0.0274121223566298	26440000	101
20221002 223812	binary	custom	TRUE	TRUE	FALSE	-100	-1	31	215	TRUE	309367	0.0474517017982126	0.651085396450258	4404	721	9342	0.314709388499575	0.643396285792383	0.375016715536495	0.0613165077021449	26440000	102
20221002 223943	binary	custom	TRUE	TRUE	FALSE	-100	-1	31	330	TRUE	309367	0.0263147889733841	0.7890697666248	6338	755	8906	0.529229228639064	1.89162646867276	2.54896685929826	0.0245293852625336	26830000	103
20221002 224108	binary	custom	TRUE	TRUE	FALSE	-100	-1	31	332	TRUE	309367	0.0230093556194063	0.758172861106149	6845	941	8717	0.585555364231161	2.37043036854848	2.57648093598539	0.0268617726310102	26410000	104
20221002 224137	binary	custom	TRUE	TRUE	FALSE	-100	-1	31	60	TRUE	309367	0.069865020374519	0.927476333584222	3356	422	8171	0.274434794075031	3.49141451500756	2.87458322744823	0.0291945972181072	25580000	105
20221002 224305	binary	custom	TRUE	TRUE	FALSE	-100	-1	31	268	TRUE	309367	0.0333436753275279	0.550938102278433	7064	859	8986	0.436334959967962	0.957743040944963	2.83467682520533	0.0198026440846686	26190000	106
20221002 224431	binary	custom	TRUE	TRUE	FALSE	-100	-1	31	329	TRUE	309367	0.0230871913762844	0.777957715625502	4696	858	9062	0.250444491377822	1.20940541524775	2.47257905666223	0.0132528210241913	26200000	107
20221002 224735	binary	custom	TRUE	TRUE	FALSE	-100	-1	31	716	TRUE	309367	0.0134645196242734	0.374990822841348	7768	636	8486	0.483589822160633	1.82035093595878	2.57756432904035	0.0205726273955919	26550000	108
20221002 224843	binary	custom	TRUE	TRUE	FALSE	-100	-1	31	199	TRUE	309367	0.0430580427140475	0.526018065192511	6428	608	9391	0.439696087451278	1.87582916858766	2.55403188596545	0.0184998021263217	26100000	109
20221002 224924	binary	custom	TRUE	TRUE	FALSE	-100	-1	31	134	TRUE	309367	0.0475088244792432	0.886392447237412	7673	822	7473	0.222583957397846	4.03747853468358	1.23486097647754	0.0801214911588008	26020000	110
20221002 225428	binary	custom	TRUE	TRUE	FALSE	-100	-1	31	1489	TRUE	309367	0.007190156804604	0.860429453057493	5511	442	8176	0.550905270048164	1.87108652056733	2.55797491212649	0.0269402981543266	26370000	111
20221002 225513	binary	custom	TRUE	TRUE	FALSE	-100	-1	31	150	TRUE	309367	0.197950499658851	0.261623295669638	7935	291	9170	0.243607321610548	2.52246307053739	1.86367441874057	0.00317478924778958	25420000	112
20221002 225702	binary	custom	TRUE	TRUE	FALSE	-100	-1	31	483	TRUE	309367	0.027254581219092	0.237968731177171	5565	806	8824	0.399959766138262	2.14515534872193	2.10080638645762	0.0303957381065536	26520000	113
20221002 225854	binary	custom	TRUE	TRUE	FALSE	-100	-1	31	477	TRUE	309367	0.0168013629949223	0.812493079481699	6005	654	8939	0.375363340997466	3.3024963026242	0.494102901799836	0.0650258955308253	26450000	114
20221002 225943	binary	custom	TRUE	TRUE	FALSE	-100	-1	31	111	TRUE	309367	0.0387207320200407	0.640173941150242	2915	591	9114	0.265631663997218	1.30483990477079	0.351792427658837	0.05223170996608	25780000	115
20221002 230135	binary	custom	TRUE	TRUE	FALSE	-100	-1	31	361	TRUE	309367	0.0198533739917789	0.343564852187096	4767	730	8300	0.424159026087252	2.87525771327269	2.89211982131491	0.00503215280849277	26360000	116
20221002 230218	binary	custom	TRUE	TRUE	FALSE	-100	-1	31	137	TRUE	309367	0.066907104223103	0.292864667938583	5746	894	8886	0.41639136609463	1.47155230935723	2.82739554958151	0.000724400474912229	26390000	117
20221002 230418	binary	custom	TRUE	TRUE	FALSE	-100	-1	31	485	TRUE	309367	0.0147503250459436	0.735880546671342	6131	557	7911	0.200228008009445	3.33279864943422	0.990212683756804	0.0573209229790797	26180000	118
20221002 230628	binary	custom	TRUE	TRUE	FALSE	-100	-1	31	391	TRUE	309367	0.0168559479324527	0.590566305405738	6245	626	7782	0.715500445333323	4.87072852194083	2.53923554440449	0.0693181252949373	26040000	119
20221002 230752	binary	custom	TRUE	TRUE	FALSE	-100	-1	31	288	TRUE	309367	0.0396704491494806	0.662959975669529	1840	705	8602	0.362769874590989	1.87486830300768	2.25750715502653	0.017604548403648	26400000	120
20221002 230855	binary	custom	TRUE	TRUE	FALSE	-100	-1	31	159	TRUE	309367	0.0332656295017339	0.406985686946233	4417	655	8718	0.201064093815856	2.92273737455047	2.4882328948608	0.061951893596859	26410000	121
20221002 231127	binary	custom	TRUE	TRUE	FALSE	-100	-1	31	509	TRUE	309367	0.0177587550522286	0.497192304409436	7665	843	8196	0.558056165554886	1.30667151203691	2.06132492172934	0.0149931331108123	26330000	122
20221002 231318	binary	custom	TRUE	TRUE	FALSE	-100	-1	31	432	TRUE	309367	0.0168314769512252	0.791492113237834	6058	672	9046	0.623898868058864	0.155214722356189	2.11357254770746	0.0392178283279398	26550000	123
20221002 231355	binary	custom	TRUE	TRUE	FALSE	-100	-1	31	115	TRUE	309367	0.0524126631610915	0.846792633373662	6026	411	7843	0.343344411836735	3.82164699769047	2.46422224122655	0.0743075667405788	25760000	124
20221002 231557	binary	custom	TRUE	TRUE	FALSE	-100	-1	31	381	TRUE	309367	0.0178659665528766	0.68782250439357	1943	267	8328	0.418578048393739	1.05738565898777	0.793331603256625	0.0247698213607448	26550000	125
20221002 231656	binary	custom	TRUE	TRUE	FALSE	-100	-1	31	130	TRUE	309367	0.0352433026071467	0.408102302833654	3424	332	8968	0.292224142536491	0.298826943713037	1.9067818988033	0.0391444701112769	25910000	126
20221002 231726	binary	custom	TRUE	TRUE	FALSE	-100	-1	31	65	TRUE	309367	0.184103400344647	0.311278310516747	5497	706	9232	0.228305007478642	0.661964631512456	0.269645812180847	0.0641084501617741	26820000	127
20221002 231747	binary	custom	TRUE	TRUE	FALSE	-100	-1	31	49	TRUE	309367	0.256053516038277	0.223757944434477	5539	874	9390	0.378355220461461	1.42028266198386	2.30366407051126	0.0781355429203684	26260000	128
20221002 231813	binary	custom	TRUE	TRUE	FALSE	-100	-1	31	66	TRUE	309367	0.183346165656957	0.258073383158774	5441	589	9288	0.350486331209017	0.335776613247615	0.487752071633425	0.0473112853455816	25910000	129
20221002 232216	binary	custom	TRUE	TRUE	FALSE	-100	-1	31	1091	TRUE	309367	0.00879518702474707	0.83487623873601	6163	583	8981	0.543794583952231	1.71248828334879	0.245166475336229	0.034919246538833	26600000	130
20221002 232428	binary	custom	TRUE	TRUE	FALSE	-100	-1	31	374	TRUE	309367	0.0166778295024275	0.483579905147258	5576	856	8943	0.458053762405608	0.578288201836118	0.417561327731773	0.0759363882345976	26680000	131
20221002 232623	binary	custom	TRUE	TRUE	FALSE	-100	-1	31	252	TRUE	309367	0.0171870068551886	0.536462164260994	3983	738	8953	0.253032865619608	0.302128339946784	0.247809532618106	0.0775207188087807	26260000	132
20221002 232730	binary	custom	TRUE	TRUE	FALSE	-100	-1	31	223	TRUE	309367	0.0470214062371899	0.840871539536891	2024	514	8630	0.370399288571426	0.731427729436232	0.887026368306507	0.0603063362633929	26260000	133
20221002 232845	binary	custom	TRUE	TRUE	FALSE	-100	-1	31	251	TRUE	309367	0.0542503890136006	0.758688200577905	1812	343	8276	0.501672954614135	2.42011557029052	0.693667614721904	0.0303728538404999	26090000	134
20221002 232920	binary	custom	TRUE	TRUE	FALSE	-100	-1	31	95	TRUE	309367	0.19039236642392	0.480213473118291	5731	893	9205	0.228235652001072	0.972329565500113	0.297166359109586	0.0777578093341369	25590000	135
20221002 232953	binary	custom	TRUE	TRUE	FALSE	-100	-1	31	103	TRUE	309367	0.145078568928031	0.313515145776924	5491	770	9167	0.416926357358714	2.3383497702123	1.79747660585006	0.0658835137946015	26230000	136
20221002 233118	binary	custom	TRUE	TRUE	FALSE	-100	-1	31	329	TRUE	309367	0.0240213834987713	0.630501193564269	5457	710	8908	0.376634535038676	2.37392358128037	0.0208510138751371	0.0628111894247678	26830000	137
20221002 233341	binary	custom	TRUE	TRUE	FALSE	-100	-1	31	441	TRUE	309367	0.021479031095827	0.39904515017555	6008	786	8648	0.660708067168033	3.2776969690595	2.25890903872693	0.0114572484661796	26870000	138
20221002 233702	binary	custom	TRUE	TRUE	FALSE	-100	-1	31	732	TRUE	309367	0.0129909502118506	0.418311084534314	5374	777	8716	0.285927479160476	3.48889502127001	1.89258063661743	0.0173241799176445	26570000	139
20221002 233836	binary	custom	TRUE	TRUE	FALSE	-100	-1	31	274	TRUE	309367	0.0257781082624428	0.46099676406589	6042	808	8326	0.583283207560971	3.43866185579919	2.4369161567174	0.00921002533863271	26150000	140
20221002 233917	binary	custom	TRUE	TRUE	FALSE	-100	-1	31	101	TRUE	309367	0.0809450581666105	0.250554098472095	7565	929	8456	0.301097064758628	2.91903360305007	2.66065720027357	0.00748835546859166	26210000	141
20221002 234240	binary	custom	TRUE	TRUE	FALSE	-100	-1	31	935	TRUE	309367	0.0120992352527675	0.213876618117876	5627	757	8638	0.300972516770692	3.20547129717096	2.90438428983165	0.00891234447279516	26570000	142
20221002 234411	binary	custom	TRUE	TRUE	FALSE	-100	-1	31	329	TRUE	309367	0.0288692093830279	0.328847746631982	5584	862	8677	0.477888947248906	1.80265551219236	2.71133460532063	0.0137679183496831	26730000	143
20221002 234439	binary	custom	TRUE	TRUE	FALSE	-100	-1	31	81	TRUE	309367	0.240757867376143	0.208895610334667	5512	760	9146	0.226255792782486	1.2916184131342	0.318189226817641	0.0651565860869945	25550000	144
20221002 234706	binary	custom	TRUE	TRUE	FALSE	-100	-1	31	508	TRUE	309367	0.0159525928700303	0.389485761773431	5251	737	8887	0.669994128069549	2.16498006489723	2.15223080566663	0.0194252446023194	26710000	145
20221002 234859	binary	custom	TRUE	TRUE	FALSE	-100	-1	31	379	TRUE	309367	0.0217315873698691	0.395952573427389	5856	573	9420	0.345215186326298	4.2579184105006	1.12440149760806	0.00256267745051438	26440000	146
20221002 235155	binary	custom	TRUE	TRUE	FALSE	-100	-1	31	778	TRUE	309367	0.0163324335042997	0.741763982100552	3159	568	9002	0.433087423211169	4.41452574637743	2.66575143798816	0.0672226886405755	26400000	147
20221002 235720	binary	custom	TRUE	TRUE	FALSE	-100	-1	31	1492	TRUE	309367	0.00756458322875941	0.636089017059573	5097	871	8082	0.360407202004181	3.35939877892962	1.3365873514269	0.0147361286973383	2.6e+07	148
20221003 000109	binary	custom	TRUE	TRUE	FALSE	-100	-1	31	780	TRUE	309367	0.00818725349822744	0.639004997320041	5529	448	8947	0.42330907133024	2.22837893362372	0.354063764219546	0.0688045371042937	27070000	149
20221003 000405	binary	custom	TRUE	TRUE	FALSE	-100	-1	31	530	TRUE	309367	0.0125080020334509	0.743189228978124	5533	473	9226	0.409479149076115	1.79760782960737	0.336671416861055	0.0692351240511227	26590000	150
20221003 001033	binary	custom	TRUE	TRUE	FALSE	-100	-1	31	1443	TRUE	309367	0.00595037487596733	0.400302808313252	7907	829	8663	0.398509317901686	1.65237804223592	0.46521855745158	0.0678723197715808	26520000	151
20221003 001602	binary	custom	TRUE	TRUE	FALSE	-100	-1	31	1209	TRUE	309367	0.00607937267336562	0.295075114478336	5309	772	8730	0.22125881452608	1.61675368683887	2.56057838298999	0.0487034259074384	26540000	152
20221003 001855	binary	custom	TRUE	TRUE	FALSE	-100	-1	31	709	TRUE	309367	0.00961501128699384	0.636935944004997	7642	736	9060	0.599521057942832	2.65430354658609	1.12450083367825	0.0808007876046818	26120000	153
20221003 001923	binary	custom	TRUE	TRUE	FALSE	-100	-1	31	35	TRUE	309367	0.123862740621715	0.89305925964747	959	704	7843	0.398720552342949	4.90158403112141	0.809483536054701	0.0685348756461055	25200000	154
20221003 002051	binary	custom	TRUE	TRUE	FALSE	-100	-1	31	267	TRUE	309367	0.023189248416052	0.317768194166645	5787	686	9022	0.428440926238411	3.18484406131651	0.160481834636884	0.0628451414726036	26600000	155
20221003 002334	binary	custom	TRUE	TRUE	FALSE	-100	-1	31	696	TRUE	309367	0.0125705536305489	0.796297058772424	4713	252	8873	0.498178928805318	2.76263767760198	2.68853482231305	0.0238995903648785	26660000	156
20221003 002658	binary	custom	TRUE	TRUE	FALSE	-100	-1	31	885	TRUE	309367	0.00797066003968276	0.637762978141096	7440	600	8963	0.978015979437399	3.23043321815356	0.108540633063709	0.0655507706302466	2.6e+07	157
20221003 002731	binary	custom	TRUE	TRUE	FALSE	-100	-1	31	63	TRUE	309367	0.168482627846066	0.34894269344825	6732	639	9326	0.202365750482987	1.50720715085205	0.0759242465880517	0.0556945771379012	25670000	158
20221003 002800	binary	custom	TRUE	TRUE	FALSE	-100	-1	31	75	TRUE	309367	0.177432710401957	0.297032383685401	5549	549	8479	0.244013023198679	0.120677386353558	0.491704380642328	0.0768168175219088	26170000	159
20221003 003256	binary	custom	TRUE	TRUE	FALSE	-100	-1	31	1258	TRUE	309367	0.0064196151898036	0.636203414013796	5466	233	8869	0.481727612011481	0.240990110334412	1.13907593400874	0.0434349824923496	26670000	160
20221003 003449	binary	custom	TRUE	TRUE	FALSE	-100	-1	31	301	TRUE	309367	0.0230715819721599	0.397437202753948	6436	672	9022	0.541963306425462	3.12350456882748	0.61980234274165	0.00662282079162874	26600000	161
20221003 003511	binary	custom	TRUE	TRUE	FALSE	-100	-1	31	22	TRUE	309367	0.178345243154252	0.301087172103607	2276	944	9185	0.361222723041598	3.26363191822488	0.288535643370012	0.0647203753631263	26190000	162
20221003 003641	binary	custom	TRUE	TRUE	FALSE	-100	-1	31	384	TRUE	309367	0.0261018164614479	0.818218603772764	5361	748	8917	0.78529446170828	2.66082908535958	2.89156828322516	0.0198443728961414	26650000	163
20221003 003748	binary	custom	TRUE	TRUE	FALSE	-100	-1	31	302	TRUE	309367	0.0382880200931252	0.746553938724659	7310	522	7872	0.605087174004752	3.9709519681474	2.44123391961093	0.0643486904539677	25700000	164
20221003 003829	binary	custom	TRUE	TRUE	FALSE	-100	-1	31	100	TRUE	309367	0.0604401328179754	0.788281015548963	5434	652	8944	0.264573338176158	2.97503976918117	2.13840384786433	0.0472010306309669	26600000	165
20221003 004525	binary	custom	TRUE	TRUE	FALSE	-100	-1	31	1299	TRUE	309367	0.00530102481442026	0.495389442451259	5338	242	8325	0.765090211165554	2.26945264710615	0.908609926364915	0.026632721931934	26310000	166
20221003 004718	binary	custom	TRUE	TRUE	FALSE	-100	-1	31	445	TRUE	309367	0.0236551213981754	0.302532809276034	6741	774	9101	0.801858279093831	3.37319578042761	1.95214979529322	0.0308451225286104	26520000	167
20221003 004754	binary	custom	TRUE	TRUE	FALSE	-100	-1	31	128	TRUE	309367	0.204410032733154	0.315335832867496	4799	780	8835	0.427030981238514	0.70229843473548	2.46650902071956	0.0669377549333063	26810000	168
20221003 004942	binary	custom	TRUE	TRUE	FALSE	-100	-1	31	255	TRUE	309367	0.0206907852373789	0.550061117684443	6982	738	9358	0.297303634023221	3.60725786946934	0.775565104580293	0.0672984286426012	26090000	169
20221003 005038	binary	custom	TRUE	TRUE	FALSE	-100	-1	31	212	TRUE	309367	0.0433545602767487	0.74156835526221	5333	551	8938	0.326749788011129	2.23875800129899	0.502599143340642	0.0664568368182371	26530000	170
20221003 005104	binary	custom	TRUE	TRUE	FALSE	-100	-1	31	49	TRUE	309367	0.243352796085431	0.302655343967072	4408	810	9165	0.244783885314145	2.12127118929631	1.80769330226813	0.0645188201680099	26870000	171
20221003 005304	binary	custom	TRUE	TRUE	FALSE	-100	-1	31	401	TRUE	309367	0.0133369238171149	0.792767095184118	5564	294	9406	0.276360005385049	1.36012282209066	0.210147891058768	0.0427872072444351	26550000	172
20221003 005326	binary	custom	TRUE	TRUE	FALSE	-100	-1	31	28	TRUE	309367	0.256402019992281	0.303832795567863	6869	697	9360	0.347898895476818	0.0860977390999906	2.49509432930332	0.0660262517898637	26160000	173
20221003 005508	binary	custom	TRUE	TRUE	FALSE	-100	-1	31	347	TRUE	309367	0.0225911967872592	0.311411630769599	5513	901	8363	0.515419976846015	2.48178180181677	2.30286364745674	0.0636483251017577	26400000	174
20221003 005634	binary	custom	TRUE	TRUE	FALSE	-100	-1	31	316	TRUE	309367	0.0236931830396378	0.632325343278726	5570	183	8999	0.481299354159488	1.49400825700737	1.8657261830513	0.0667461052941435	26810000	175
20221003 005833	binary	custom	TRUE	TRUE	FALSE	-100	-1	31	468	TRUE	309367	0.0156967606371529	0.626331098174221	5730	433	8918	0.851995844375749	4.59423880110812	2.01082382311602	0.07790762397562	26330000	176
20221003 005859	binary	custom	TRUE	TRUE	FALSE	-100	-1	31	31	TRUE	309367	0.244275632815403	0.339243954651686	4972	743	9389	0.333919271418998	0.798263805219817	1.36355413389548	0.0621648563976684	26510000	177
20221003 010205	binary	custom	TRUE	TRUE	FALSE	-100	-1	31	701	TRUE	309367	0.0111668410985735	0.606213079050393	5794	472	9012	0.295377804856867	1.65669305960347	0.47378284990445	0.0369697915834818	26380000	178
20221003 010225	binary	custom	TRUE	TRUE	FALSE	-100	-1	31	26	TRUE	309367	0.210731753388163	0.32134210693897	4320	884	9012	0.200163404484645	2.12096442749685	1.30783272705056	0.0773377960031909	26140000	179
20221003 010249	binary	custom	TRUE	TRUE	FALSE	-100	-1	31	61	TRUE	309367	0.267958621235975	0.294601352488219	4578	574	9157	0.389939731450756	2.89044689223859	2.96204881205605	0.0737334371530946	26330000	180
20221003 010611	binary	custom	TRUE	TRUE	FALSE	-100	-1	31	750	TRUE	309367	0.0123320709848526	0.387919386478863	7001	936	8663	0.873822106566084	2.87732626619062	2.43273668117996	0.036706718305756	26120000	181
20221003 010752	binary	custom	TRUE	TRUE	FALSE	-100	-1	31	327	TRUE	309367	0.0175790271842506	0.705439001308149	4129	472	8909	0.511009167607774	0.330690957155366	2.640473257355	0.0634441118027979	26350000	182
20221003 010923	binary	custom	TRUE	TRUE	FALSE	-100	-1	31	334	TRUE	309367	0.0215389418378045	0.837114725259693	5646	187	8923	0.446014138490247	1.47816425385333	2.26404888463181	0.0221702437018359	26480000	183
20221003 011125	binary	custom	TRUE	TRUE	FALSE	-100	-1	31	534	TRUE	309367	0.0189834231687004	0.803204165379252	6266	717	9417	0.491210236044516	3.13185606093199	1.67855126918567	0.0134717190362347	26690000	184
20221003 011647	binary	custom	TRUE	TRUE	FALSE	-100	-1	31	1494	TRUE	309367	0.00641316542281216	0.785003965313371	5974	749	8871	0.550039193289801	2.89446219628313	1.64529669667768	0.00463266653244643	26660000	185
20221003 011801	binary	custom	TRUE	TRUE	FALSE	-100	-1	31	270	TRUE	309367	0.0269688875819416	0.789615028360489	5702	508	9583	0.415799260622338	2.00341935518559	2.73243852666481	0.0431806670685536	26280000	186
20221003 012004	binary	custom	TRUE	TRUE	FALSE	-100	-1	31	428	TRUE	309367	0.0218312654899826	0.392033052946369	6051	651	8791	0.323809396653383	0.502741283383175	2.1501790921435	0.0650480921271373	26580000	187
20221003 012044	binary	custom	TRUE	TRUE	FALSE	-100	-1	31	61	TRUE	309367	0.075428046622152	0.623605291337636	2247	320	8253	0.643616630715811	2.90845243409013	2.43409521212887	0.0249299794046464	26380000	188
20221003 012113	binary	custom	TRUE	TRUE	FALSE	-100	-1	31	83	TRUE	309367	0.196448751878423	0.326492365746503	5817	785	9210	0.287765209152767	0.675232493760319	0.847203659440288	0.00930645227153853	26300000	189
20221003 012429	binary	custom	TRUE	TRUE	FALSE	-100	-1	31	669	TRUE	309367	0.0116772122371084	0.734983683374641	2067	159	8774	0.534916662095145	1.03512241939899	1.83328681275263	0.025554104746493	26380000	190
20221003 012644	binary	custom	TRUE	TRUE	FALSE	-100	-1	31	425	TRUE	309367	0.0159374553081375	0.417302370681632	7870	715	8820	0.710896784309426	3.40154622541704	1.11248238019825	0.00860506208506383	26360000	191
20221003 012714	binary	custom	TRUE	TRUE	FALSE	-100	-1	31	70	TRUE	309367	0.0930809011213502	0.772532365265964	3025	803	8702	0.236295578378144	2.2057626364863	2.80889495009943	0.0387236745607705	26040000	192
20221003 013445	binary	custom	TRUE	TRUE	FALSE	-100	-1	31	1768	TRUE	309367	0.00615874486163293	0.378150769378316	5993	712	8755	0.739186476024289	3.44499841284478	0.758680712422138	0.0533762706990163	26810000	193
20221003 013510	binary	custom	TRUE	TRUE	FALSE	-100	-1	31	30	TRUE	309367	0.218099468996136	0.300986640614821	4855	781	9212	0.810099936467977	0.547032010327923	2.74815469299236	0.0758359252520007	26060000	194
20221003 013611	binary	custom	TRUE	TRUE	FALSE	-100	-1	31	211	TRUE	309367	0.0378297633630198	0.63389936659519	5524	343	8905	0.628859909510153	1.96164966069799	0.285607946324635	0.0616411902843544	26590000	195
20221003 014205	binary	custom	TRUE	TRUE	FALSE	-100	-1	31	1041	TRUE	309367	0.00603098169237613	0.442872651547619	5441	467	8806	0.458799271551888	2.16326029708475	0.156872176012907	0.0615241289619893	26550000	196
20221003 014256	binary	custom	TRUE	TRUE	FALSE	-100	-1	31	198	TRUE	309367	0.0488608106683288	0.88625926031123	6389	730	8979	0.630722711766455	2.89396538323266	2.46769760538835	0.0206446266690171	26610000	197
20221003 014921	binary	custom	TRUE	TRUE	FALSE	-100	-1	31	1245	TRUE	309367	0.00503959518341581	0.383422175327777	6057	770	9243	0.65292076978394	1.90237065234926	0.557288627037392	0.0719905918318141	26560000	198
20221003 015433	binary	custom	TRUE	TRUE	FALSE	-100	-1	31	1222	TRUE	309367	0.00906175143519743	0.393945432833479	6353	738	8906	0.578109348194464	3.87039635392304	0.807010169341933	0.093924771869847	26430000	199
20221003 015711	binary	custom	TRUE	TRUE	FALSE	-100	-1	31	708	TRUE	309367	0.0130479103899472	0.794683346908938	6724	452	9466	0.402271292041771	2.4081899565196	0.454028731678349	0.0313425283053475	26510000	200
20221003 020110	binary	custom	TRUE	TRUE	FALSE	-100	-1	31	1130	TRUE	309367	0.00860230453768503	0.719007619176004	6543	807	9059	0.570563207436969	2.690352756026	1.07674614291292	0.0261711774585115	26770000	201
20221003 020245	binary	custom	TRUE	TRUE	FALSE	-100	-1	31	374	TRUE	309367	0.022622490936143	0.825635446840231	6817	792	9120	0.450004316769645	1.43690725412428	0.912235360119711	0.0133543617704568	26400000	202
20221003 020926	binary	custom	TRUE	TRUE	FALSE	-100	-1	31	1927	TRUE	309367	0.00609630647203512	0.766659606095797	4620	600	8868	0.496526230162492	3.56266500084322	1.19692639869892	0.040172811479954	26190000	203
20221003 021039	binary	custom	TRUE	TRUE	FALSE	-100	-1	31	208	TRUE	309367	0.0359193417185547	0.69853910482531	6312	773	9649	0.583395291725224	3.19746352830407	0.702761623806275	0.035485117144442	26390000	204
20221003 021251	binary	custom	TRUE	TRUE	FALSE	-100	-1	31	447	TRUE	309367	0.0175212548148373	0.373709113022867	7799	664	7967	0.29747570820782	1.12804879736743	1.62525530609415	0.0537659026949455	25830000	205
20221003 021830	binary	custom	TRUE	TRUE	FALSE	-100	-1	31	1295	TRUE	309367	0.00515945908858881	0.624017638464802	5382	388	8885	0.425989765885997	0.746277231316032	2.25266118175277	0.0770426313186159	26790000	206
20221003 022019	binary	custom	TRUE	TRUE	FALSE	-100	-1	31	460	TRUE	309367	0.0205117423107917	0.661314830893922	5045	153	8878	0.425462712756018	3.34190773508046	2.44409593202463	0.0701627754638133	26490000	207
20221003 022540	binary	custom	TRUE	TRUE	FALSE	-100	-1	31	1330	TRUE	309367	0.00534771897230707	0.648683640648436	5530	214	8942	0.372752867843383	1.4386889997451	0.970167926907616	0.0899983084736956	26680000	208
20221003 022729	binary	custom	TRUE	TRUE	FALSE	-100	-1	31	373	TRUE	309367	0.0164335849780932	0.735767503570881	5552	564	8964	0.508485925963428	2.98225790007123	2.9074229735378	0.0746608799740107	26720000	209
20221003 022938	binary	custom	TRUE	TRUE	FALSE	-100	-1	31	391	TRUE	309367	0.0164695232209939	0.581940852365717	5563	720	8930	0.531447730687074	2.35735263593975	2.0974503184511	0.0644259805131923	26780000	210
20221003 023502	binary	custom	TRUE	TRUE	FALSE	-100	-1	31	1485	TRUE	309367	0.00574803167679642	0.65647713735471	6338	607	8934	0.490900135963132	2.89244898709527	1.8183382260832	0.0646030276708296	26700000	211
20221003 023613	binary	custom	TRUE	TRUE	FALSE	-100	-1	31	156	TRUE	309367	0.0339468406026947	0.521879847052415	4803	472	8287	0.400133238479741	0.25780843736069	2.45908885024538	0.0780869233561197	26630000	212
20221003 023706	binary	custom	TRUE	TRUE	FALSE	-100	-1	31	163	TRUE	309367	0.047063682171303	0.79360121413369	5430	338	8997	0.50989561913179	4.67852059433513	2.72179913401357	0.00132078501701165	26250000	213
20221003 023823	binary	custom	TRUE	TRUE	FALSE	-100	-1	31	233	TRUE	309367	0.0323703341123358	0.345271516066027	5055	674	8614	0.644075093724743	1.38710628866672	1.53411459706295	0.0614603871153326	26460000	214
20221003 024121	binary	custom	TRUE	TRUE	FALSE	-100	-1	31	745	TRUE	309367	0.0182970068700048	0.363211376072224	5972	695	8949	0.910997390360006	4.78531673355581	1.9747543295708	0.0453727670764934	26590000	215
